2
4
5
7
8
9
11
15
18
20
21
23
30
31
32
35
36
37
40
41
42
43
46
49
51
53
55
56
58
60
62
64
66
67
69
72
73
74
75
77
78
80
81
84
86
89
96
97
99
102
104
105
109
110
111
113
115
116
117
120
121
122
123
124
125
127
128
131
136
137
138
140
141
142
143
145
148
151
152
153
158
159
160
164
166
168
172
174
176
177
181
182
184
187
188
189
194
195
196
197
202
203
204
206
209
213
215
216
218
220
221
222
224
225
227
228
230
232
235
238
241
242
243
245
247
248
249
250
253
254
256
257
258
261
262
263
264
266
267
268
269
270
272
273
274
275
276
278
280
281
283
284
285
287
288
289
290
291
293
294
295
296
297
299
301
302
303
305
306
307
310
313
316
317
318
319
320
321
322
323
324
326
327
328
331
332
333
334
335
336
338
339
341
342
345
347
349
353
355
358
359
361
362
364
366
367
368
374
375
376
377
378
379
380
385
388
390
392
393
395
396
397
398
399
400
401
402
403
404
406
409
411
413
414
415
416
417
418
421
423
426
427
428
429
431
432
433
436
437
441
444
446
452
456
460
461
464
465
466
467
469
470
471
474
476
477
478
479
481
482
484
485
486
489
490
491
495
496
497
500
502
504
505
507
511
515
518
520
523
524
527
529
530
531
533
535
537
539
541
542
544
545
547
549
552
554
555
557
559
561
562
564
566
568
570
574
575
576
577
581
587
588
591
593
595
596
598
599
600
601
605
606
607
611
612
613
614
617
619
620
621
625
626
628
629
630
631
633
635
636
639
641
642
645
647
648
652
653
655
657
660
662
663
666
667
668
669
670
671
672
677
678
680
682
685
690
691
693
694
699
701
702
706
710
712
713
715
716
717
719
720
722
725
727
729
730
732
733
734
735
736
740
741
744
746
747
748
751
754
755
756
758
760
762
768
769
770
775
776
778
780
781
782
784
788
789
790
791
792
793
794
798
801
806
807
810
812
813
814
816
818
819
822
823
828
829
833
834
835
836
841
843
845
853
855
856
857
859
860
861
862
863
864
865
867
870
871
872
873
874
875
877
879
881
884
888
889
891
894
895
898
900
902
906
907
910
912
916
917
918
920
922
923
925
926
927
928
929
931
934
935
937
939
941
943
946
947
950
951
952
954
955
956
957
959
960
963
964
965
966
967
970
972
974
975
979
980
981
982
984
985
986
987
988
989
990
991
992
994
995
1000
1002
1004
1007
1008
1010
1015
1017
1019
1020
1022
1023
1024
1026
1027
1029
1032
1034
1037
1039
1040
1042
1045
1048
1049
1051
1052
1053
1055
1056
1058
1059
1060
1065
1067
1069
1073
1074
1078
1079
1080
1083
1085
1087
1088
1091
1093
1094
1098
1100
1101
1103
1106
1107
1110
1111
1112
1113
1114
1115
1120
1121
1122
1123
1124
1125
1126
1129
1130
1134
1135
1139
1140
1141
1145
1146
1147
1149
1151
1152
1155
1156
1157
1163
1165
1166
1167
1171
1173
1175
1181
1184
1185
1186
1187
1188
1189
1191
1194
1196
1197
1198
1201
1202
1203
1204
1205
1207
1208
1210
1213
1214
1219
1221
1222
1224
1227
1228
1229
1231
1232
1233
1236
1238
1239
1241
1242
1245
1246
1248
1250
1251
1252
1253
1256
1259
1260
1263
1270
1274
1276
1277
1278
1279
1280
1282
1286
1287
1288
1290
1291
1294
1296
1298
1299
1300
1302
1303
1307
1308
1309
1310
1311
1312
1314
1318
1320
1322
1324
1326
1327
1328
1329
1331
1332
1334
1336
1337
1338
1340
1343
1344
1346
1349
1353
1354
1355
1357
1358
1360
1361
1362
1363
1365
1366
1368
1369
1370
1374
1375
1377
1378
1380
1381
1383
1384
1389
1398
1401
1402
1403
1404
1405
1406
1407
1408
1414
1415
1417
1418
1420
1426
1428
1429
1436
1438
1439
1440
1441
1444
1445
1447
1452
1453
1455
1456
1458
1459
1460
1461
1464
1465
1466
1468
1469
1470
1472
1474
1475
1476
1484
1486
1488
1489
1491
1493
1499
1500
1501
1504
1505
1508
1509
1510
1511
1512
1514
1515
1516
1519
1523
1527
1528
1530
1532
1533
1535
1537
1540
1541
1543
1544
1547
1548
1549
1552
1554
1557
1562
1564
1565
1567
1569
1571
1572
1573
1574
1578
1579
1581
1582
1584
1585
1586
1587
1588
1589
1590
1591
1592
1595
1598
1599
1601
1603
1604
1608
1617
1619
1620
1621
1622
1623
1624
1632
1635
1637
1638
1639
1641
1642
1645
1647
1650
1653
1654
1657
1658
1663
1668
1669
1670
1671
1672
1674
1675
1676
1677
1680
1681
1684
1685
1686
1687
1688
1689
1690
1691
1699
1701
1703
1704
1706
1707
1709
1711
1714
1716
1717
1720
1721
1724
1726
1727
1731
1732
1734
1735
1740
1741
1742
1744
1747
1749
1751
1752
1754
1757
1758
1759
1762
1763
1764
1765
1766
1767
1769
1770
1772
1773
1774
1775
1778
1779
1781
1787
1789
1790
1792
1794
1795
1801
1802
1803
1806
1808
1809
1810
1812
1813
1815
1817
1818
1820
1821
1823
1824
1825
1827
1830
1831
1833
1834
1835
1837
1839
1841
1842
1849
1850
1852
1854
1855
1858
1860
1863
1864
1868
1870
1872
1875
1877
1878
1879
1880
1881
1883
1886
1889
1892
1895
1897
1898
1899
1903
1904
1905
1907
1911
1912
1914
1918
1920
1921
1922
1923
1928
1929
1930
1932
1933
1934
1936
1938
1941
1945
1949
1951
1952
1953
1954
1955
1957
1961
1963
1970
1971
1972
1973
1974
1975
1977
1978
1979
1981
1982
1988
1990
1991
1992
1994
1998
2001
2002
2003
2007
2009
2011
2012
2013
2017
2018
2019
2022
2023
2025
2026
2028
2033
2034
2036
2038
2041
2042
2044
2045
2046
2047
2050
2052
2053
2054
2055
2056
2058
2061
2065
2066
2068
2069
2071
2078
2079
2080
2082
2083
2085
2087
2088
2089
2090
2094
2095
2097
2099
2102
2103
2105
2106
2110
2113
2114
2115
2116
2117
2118
2121
2122
2124
2125
2130
2133
2136
2137
2138
2140
2144
2147
2149
2151
2152
2154
2155
2157
2159
2161
2165
2166
2167
2169
2172
2173
2174
2175
2176
2177
2178
2181
2182
2185
2187
2191
2192
2196
2197
2198
2199
2202
2205
2208
2210
2214
2215
2217
2220
2221
2224
2225
2227
2228
2232
2233
2235
2237
2238
2240
2241
2243
2245
2246
2247
2248
2251
2253
2254
2255
2259
2261
2262
2263
2266
2267
2270
2271
2272
2275
2277
2279
2286
2289
2291
2296
2299
2301
2304
2309
2311
2313
2314
2317
2320
2323
2324
2325
2326
2332
2333
2334
2335
2337
2339
2340
2342
2343
2344
2345
2346
2347
2349
2350
2352
2353
2354
2356
2359
2364
2369
2372
2373
2375
2378
2383
2384
2385
2386
2387
2388
2391
2392
2395
2396
2397
2398
2401
2402
2403
2405
2406
2407
2408
2414
2416
2417
2419
2420
2422
2424
2425
2426
2428
2429
2432
2433
2439
2440
2441
2443
2446
2447
2448
2449
2451
2455
2458
2460
2461
2462
2465
2467
2469
2471
2477
2478
2479
2480
2484
2486
2487
2490
2501
2502
2504
2506
2509
2510
2512
2513
2515
2516
2517
2518
2519
2521
2522
2523
2524
2526
2527
2528
2529
2530
2533
2534
2535
2536
2537
2539
2542
2543
2544
2545
2546
2550
2554
2555
2558
2560
2562
2563
2564
2565
2566
2567
2568
2573
2576
2584
2585
2586
2587
2591
2593
2595
2597
2598
2601
2602
2605
2608
2612
2615
2616
2620
2621
2623
2625
2626
2629
2634
2635
2637
2638
2639
2641
2642
2643
2644
2645
2646
2647
2651
2654
2656
2659
2661
2663
2664
2665
2666
2667
2668
2672
2679
2682
2683
2684
2686
2687
2688
2690
2692
2697
2698
2699
2700
2701
2702
2704
2706
2708
2714
2718
2719
2720
2721
2722
2723
2724
2726
2728
2729
2732
2734
2739
2741
2742
2743
2745
2747
2748
2749
2750
2754
2755
2756
2757
2758
2759
2762
2768
2771
2772
2775
2777
2779
2781
2786
2787
2788
2791
2793
2794
2795
2797
2798
2800
2808
2809
2811
2814
2815
2816
2817
2819
2820
2821
2823
2825
2827
2828
2832
2833
2838
2840
2841
2842
2843
2844
2849
2850
2854
2855
2856
2857
2859
2860
2861
2864
2865
2870
2871
2872
2876
2877
2881
2882
2884
2886
2888
2889
2890
2891
2894
2895
2896
2899
2903
2905
2907
2910
2911
2912
2914
2916
2922
2925
2927
2928
2930
2931
2932
2933
2937
2939
2943
2944
2945
2946
2947
2948
2950
2953
2954
2955
2956
2958
2962
2964
2966
2969
2970
2972
2973
2976
2978
2980
2985
2986
2987
2989
2990
2994
2996
2998
2999
3000
3002
3003
3008
3009
3010
3014
3016
3017
3020
3023
3024
3026
3027
3028
3030
3031
3033
3035
3036
3038
3040
3041
3042
3043
3044
3046
3047
3048
3049
3052
3054
3065
3068
3069
3070
3073
3077
3079
3082
3085
3086
3088
3089
3092
3093
3094
3095
3096
3102
3103
3104
3106
3109
3113
3114
3115
3117
3119
3120
3121
3122
3123
3125
3126
3132
3134
3139
3141
3142
3143
3145
3147
3149
3152
3157
3158
3159
3160
3161
3163
3164
3165
3167
3173
3174
3175
3177
3178
3180
3181
3183
3187
3188
3189
3194
3196
3197
3199
3200
3202
3203
3205
3207
3208
3209
3210
3212
3213
3214
3215
3217
3221
3224
3229
3232
3234
3235
3236
3237
3238
3240
3241
3245
3248
3250
3255
3256
3260
3262
3263
3265
3266
3268
3270
3271
3272
3274
3275
3277
3278
3279
3281
3283
3286
3288
3289
3293
3297
3300
3303
3304
3306
3308
3309
3310
3311
3314
3316
3320
3324
3325
3332
3333
3334
3335
3336
3337
3338
3339
3340
3341
3343
3345
3346
3347
3348
3349
3352
3355
3360
3362
3363
3365
3366
3369
3371
3373
3374
3375
3380
3381
3382
3385
3387
3388
3389
3392
3394
3395
3396
3397
3398
3401
3402
3405
3407
3412
3415
3422
3423
3424
3425
3426
3427
3429
3430
3431
3435
3437
3438
3439
3440
3441
3443
3447
3451
3456
3458
3459
3460
3462
3463
3464
3466
3467
3468
3471
3473
3476
3479
3481
3482
3484
3486
3488
3493
3497
3498
3501
3502
3503
3504
3506
3507
3508
3509
3510
3512
3516
3517
3518
3520
3523
3524
3532
3533
3534
3535
3539
3540
3542
3544
3545
3546
3551
3553
3555
3558
3559
3560
3561
3563
3564
3565
3567
3569
3571
3572
3574
3575
3578
3583
3586
3587
3588
3589
3590
3591
3595
3597
3599
3602
3605
3606
3608
3609
3610
3611
3612
3614
3616
3617
3618
3620
3621
3625
3628
3629
3630
3634
3635
3637
3640
3645
3647
3650
3653
3655
3657
3658
3660
3661
3663
3665
3670
3671
3672
3674
3675
3676
3678
3681
3687
3689
3690
3692
3693
3694
3695
3697
3700
3701
3702
3703
3706
3709
3710
3712
3715
3718
3720
3721
3724
3725
3728
3730
3731
3734
3736
3737
3738
3739
3740
3741
3743
3746
3747
3748
3752
3754
3756
3757
3759
3761
3762
3764
3765
3769
3770
3772
3773
3774
3775
3776
3780
3781
3783
3784
3785
3786
3787
3790
3792
3794
3795
3799
3801
3802
3803
3805
3807
3810
3811
3812
3815
3816
3817
3818
3819
3822
3824
3832
3833
3835
3839
3841
3843
3845
3848
3849
3850
3853
3854
3858
3860
3861
3862
3864
3865
3866
3867
3868
3869
3872
3873
3874
3887
3888
3889
3890
3891
3892
3893
3894
3897
3901
3902
3904
3905
3906
3910
3912
3913
3915
3916
3919
3920
3922
3928
3930
3931
3932
3933
3936
3941
3942
3946
3948
3949
3950
3952
3954
3955
3956
3957
3959
3961
3962
3964
3966
3967
3969
3970
3972
3975
3979
3981
3984
3988
3990
3995
3996
3997
3998
4000
4003
4005
4006
4007
4008
4011
4012
4015
4016
4017
4018
4019
4022
4023
4024
4027
4028
4029
4030
4031
4032
4035
4039
4041
4044
4049
4055
4057
4060
4061
4066
4067
4068
4069
4071
4072
4074
4075
4076
4078
4079
4082
4090
4091
4092
4093
4095
4096
4097
4100
4103
4105
4107
4111
4112
4113
4114
4116
4117
4122
4124
4126
4127
4129
4130
4131
4133
4134
4136
4137
4142
4143
4146
4147
4149
4154
4155
4156
4157
4158
4159
4160
4162
4164
4165
4166
4167
4170
4171
4173
4174
4178
4183
4184
4188
4190
4191
4193
4194
4197
4199
4201
4203
4208
4209
4211
4214
4216
4218
4219
4221
4223
4229
4230
4232
4233
4234
4236
4238
4239
4240
4241
4242
4243
4244
4248
4251
4254
4256
4257
4259
4260
4263
4266
4267
4268
4269
4271
4272
4273
4275
4276
4278
4279
4282
4283
4286
4289
4290
4291
4296
4297
4299
4301
4302
4303
4306
4309
4316
4320
4321
4324
4325
4326
4328
4329
4331
4332
4334
4341
4342
4343
4345
4346
4347
4348
4349
4350
4352
4354
4355
4356
4358
4360
4361
4362
4363
4369
4370
4374
4380
4383
4385
4387
4390
4391
4392
4394
4398
4401
4405
4406
4407
4410
4412
4414
4415
4416
4417
4420
4422
4423
4424
4426
4427
4428
4429
4432
4433
4434
4435
4437
4439
4440
4443
4445
4448
4449
4450
4452
4453
4454
4456
4458
4459
4465
4471
4473
4475
4476
4477
4478
4482
4483
4484
4485
4489
4490
4491
4494
4495
4498
4508
4509
4510
4511
4513
4518
4519
4520
4521
4523
4524
4526
4528
4529
4530
4531
4534
4539
4540
4541
4542
4544
4546
4548
4549
4550
4551
4553
4554
4556
4557
4558
4559
4561
4562
4563
4564
4565
4567
4568
4569
4570
4572
4573
4574
4575
4578
4580
4581
4582
4590
4599
4604
4607
4608
4609
4612
4614
4616
4617
4619
4620
4621
4625
4627
4628
4629
4631
4632
4634
4635
4639
4645
4646
4647
4653
4654
4655
4656
4657
4658
4659
4660
4661
4665
4669
4672
4674
4677
4678
4680
4683
4686
4688
4691
4692
4694
4695
4699
4700
4701
4702
4703
4706
4708
4712
4713
4714
4716
4717
4718
4719
4723
4724
4726
4727
4729
4734
4737
4738
4743
4744
4745
4747
4748
4749
4756
4757
4760
4762
4764
4765
4767
4768
4769
4770
4772
4776
4777
4779
4780
4782
4784
4786
4788
4790
4792
4794
4799
4801
4803
4804
4806
4807
4809
4810
4812
4813
4814
4820
4821
4822
4826
4828
4835
4838
4839
4840
4841
4842
4844
4845
4848
4849
4850
4851
4852
4853
4855
4857
4858
4859
4860
4861
4867
4868
4869
4871
4873
4876
4877
4878
4880
4881
4882
4886
4887
4892
4893
4894
4895
4896
4897
4898
4899
4900
4904
4906
4907
4910
4912
4916
4920
4922
4923
4929
4930
4933
4935
4937
4938
4941
4945
4946
4947
4948
4950
4951
4952
4953
4954
4955
4956
4957
4959
4961
4964
4968
4969
4970
4972
4974
4975
4977
4985
4988
4992
4993
4994
4997
5000
5001
5003
5004
5006
5007
5008
5011
5014
5016
5017
5018
5019
5020
5022
5023
5024
5030
5032
5033
5035
5037
5038
5039
5040
5042
5043
5044
5047
5048
5050
5052
5053
5054
5058
5063
5064
5065
5067
5068
5069
5073
5075
5076
5079
5080
5083
5086
5087
5088
5089
5091
5092
5093
5096
5099
5109
5111
5112
5114
5116
5117
5121
5123
5126
5127
5128
5129
5130
5131
5135
5138
5139
5142
5143
5144
5145
5147
5148
5149
5151
5152
5153
5155
5157
5158
5159
5162
5163
5164
5168
5170
5171
5172
5173
5174
5175
5176
5180
5181
5184
5185
5187
5194
5196
5200
5204
5206
5208
5210
5211
5212
5215
5217
5221
5222
5230
5231
5233
5235
5236
5237
5239
5241
5242
5244
5246
5248
5249
5251
5252
5255
5256
5260
5261
5262
5264
5267
5268
5269
5270
5271
5278
5279
5280
5281
5285
5286
5287
5288
5289
5292
5294
5295
5297
5300
5302
5303
5304
5305
5308
5310
5313
5314
5315
5322
5323
5327
5333
5338
5339
5340
5341
5342
5345
5348
5350
5351
5354
5355
5356
5357
5358
5359
5360
5362
5366
5367
5368
5370
5371
5374
5375
5378
5381
5382
5385
5392
5393
5394
5396
5397
5398
5400
5401
5404
5405
5408
5414
5415
5416
5417
5418
5419
5420
5424
5425
5429
5430
5432
5433
5436
5439
5441
5442
5443
5444
5450
5452
5454
5458
5459
5460
5461
5462
5463
5465
5466
5467
5469
5472
5473
5475
5477
5481
5482
5484
5486
5490
5492
5493
5495
5498
5500
5501
5503
5504
5507
5511
5512
5513
5514
5516
5517
5518
5522
5523
5526
5528
5534
5535
5540
5543
5545
5549
5553
5554
5556
5557
5558
5559
5560
5561
5562
5563
5564
5565
5566
5573
5577
5579
5581
5582
5583
5584
5586
5587
5590
5592
5593
5594
5595
5596
5599
5600
5601
5603
5604
5606
5607
5609
5611
5612
5618
5619
5620
5621
5628
5629
5630
5631
5635
5636
5637
5641
5642
5643
5646
5648
5651
5655
5657
5658
5661
5662
5663
5666
5670
5671
5673
5674
5675
5676
5678
5680
5681
5684
5688
5689
5690
5691
5695
5696
5698
5699
5701
5702
5704
5705
5708
5709
5710
5713
5716
5718
5720
5721
5723
5724
5726
5727
5729
5732
5733
5737
5743
5744
5745
5747
5750
5754
5756
5758
5761
5762
5764
5765
5770
5771
5772
5773
5776
5778
5779
5780
5781
5782
5783
5790
5792
5793
5794
5796
5800
5802
5803
5804
5811
5812
5819
5821
5822
5824
5825
5826
5827
5828
5830
5831
5832
5833
5834
5835
5836
5839
5840
5841
5842
5844
5845
5849
5850
5851
5852
5857
5860
5864
5866
5869
5872
5874
5875
5876
5878
5879
5880
5881
5882
5883
5887
5888
5890
5891
5892
5894
5895
5896
5899
5900
5902
5904
5906
5908
5910
5912
5913
5914
5916
5919
5922
5930
5931
5932
5934
5935
5937
5939
5943
5945
5946
5947
5948
5950
5951
5953
5956
5957
5958
5960
5961
5962
5963
5964
5966
5967
5968
5970
5977
5979
5980
5981
5982
5988
5990
5992
5994
5995
5997
6000
6003
6004
6006
6007
6008
6017
6018
6020
6021
6022
6023
6024
6025
6026
6027
6028
6031
6034
6035
6037
6039
6040
6041
6042
6043
6044
6046
6052
6053
6058
6059
6060
6061
6063
6064
6066
6068
6070
6074
6075
6079
6080
6081
6082
6083
6085
6088
6094
6095
6096
6097
6099
6102
6103
6108
6109
6110
6111
6117
6118
6120
6121
6122
6124
6126
6127
6128
6130
6131
6132
6133
6134
6135
6137
6139
6140
6142
6143
6144
6146
6149
6151
6154
6156
6166
6167
6168
6169
6171
6172
6175
6177
6178
6179
6180
6181
6182
6183
6184
6185
6186
6188
6189
6190
6191
6194
6196
6203
6208
6213
6214
6216
6218
6219
6220
6223
6224
6228
6230
6233
6235
6237
6238
6239
6240
6242
6243
6246
6247
6248
6249
6250
6251
6256
6257
6258
6261
6264
6265
6267
6271
6273
6275
6277
6280
6283
6285
6287
6288
6290
6291
6292
6294
6295
6296
6301
6302
6303
6305
6306
6309
6311
6312
6316
6318
6319
6320
6325
6326
6328
6330
6335
6336
6337
6338
6339
6345
6347
6348
6349
6350
6351
6352
6353
6357
6358
6360
6361
6362
6363
6365
6366
6370
6372
6373
6377
6381
6383
6386
6387
6388
6390
6391
6392
6393
6394
6395
6399
6402
6403
6404
6407
6411
6414
6416
6417
6418
6421
6423
6427
6429
6433
6435
6436
6439
6440
6441
6443
6444
6446
6447
6448
6452
6455
6457
6458
6460
6461
6462
6464
6465
6470
6471
6475
6477
6478
6479
6480
6481
6483
6488
6489
6490
6491
6496
6500
6502
6503
6506
6507
6508
6510
6513
6514
6515
6518
6520
6523
6529
6531
6532
6533
6534
6535
6536
6538
6539
6540
6543
6544
6546
6547
6552
6555
6558
6560
6562
6563
6564
6565
6566
6567
6568
6570
6572
6573
6574
6580
6585
6586
6587
6588
6590
6591
6592
6597
6598
6599
6600
6603
6604
6605
6606
6607
6610
6611
6612
6614
6617
6622
6623
6627
6629
6631
6632
6633
6634
6635
6636
6638
6639
6641
6644
6647
6649
6651
6654
6655
6659
6661
6662
6663
6664
6666
6667
6668
6669
6674
6675
6676
6678
6680
6681
6682
6683
6685
6686
6687
6690
6694
6697
6698
6699
6700
6702
6705
6706
6710
6714
6715
6721
6725
6726
6727
6728
6729
6730
6732
6734
6736
6739
6741
6743
6749
6751
6752
6753
6754
6756
6757
6758
6763
6764
6768
6770
6771
6772
6773
6774
6775
6776
6777
6779
6781
6782
6786
6787
6792
6794
6795
6798
6803
6804
6805
6809
6810
6811
6815
6817
6818
6819
6820
6821
6822
6823
6825
6828
6829
6832
6834
6835
6838
6840
6845
6847
6848
6849
6854
6857
6858
6861
6863
6864
6865
6869
6871
6873
6874
6876
6877
6878
6879
6880
6882
6885
6886
6887
6889
6890
6891
6892
6896
6899
6900
6905
6907
6909
6914
6915
6916
6918
6919
6922
6925
6926
6927
6929
6930
6933
6934
6935
6937
6938
6943
6944
6945
6946
6950
6952
6955
6956
6958
6959
6961
6962
6968
6969
6971
6974
6979
6980
6983
6984
6985
6986
6987
6988
6989
6990
6993
6994
6995
6998
7001
7002
7003
7004
7006
7008
7014
7016
7021
7022
7023
7024
7028
7029
7031
7035
7038
7039
7042
7044
7045
7046
7049
7050
7052
7053
7055
7057
7059
7063
7066
7070
7071
7074
7075
7076
7077
7079
7080
7082
7084
7086
7088
7089
7090
7093
7097
7098
7099
7101
7103
7106
7107
7108
7109
7111
7113
7116
7117
7120
7123
7124
7127
7129
7132
7136
7139
7141
7142
7143
7144
7145
7146
7147
7151
7152
7154
7156
7157
7158
7161
7163
7164
7166
7168
7171
7178
7179
7180
7185
7186
7187
7188
7191
7194
7195
7197
7200
7201
7202
7203
7205
7207
7208
7211
7214
7215
7216
7217
7218
7220
7221
7227
7229
7230
7231
7232
7234
7235
7238
7243
7245
7248
7250
7254
7256
7258
7259
7260
7262
7264
7265
7267
7268
7270
7272
7274
7275
7276
7278
7285
7286
7287
7288
7290
7294
7295
7296
7298
7300
7301
7304
7305
7307
7308
7312
7316
7318
7320
7322
7323
7324
7325
7327
7328
7332
7333
7334
7336
7337
7339
7343
7345
7348
7353
7359
7360
7362
7363
7364
7366
7367
7368
7370
7371
7373
7375
7376
7377
7378
7380
7381
7382
7390
7392
7393
7397
7399
7401
7402
7406
7407
7410
7411
7412
7414
7416
7417
7419
7420
7423
7426
7427
7429
7430
7432
7433
7435
7437
7438
7439
7444
7445
7448
7453
7455
7456
7459
7460
7461
7462
7464
7465
7467
7468
7469
7471
7472
7474
7480
7482
7484
7485
7489
7490
7491
7493
7495
7496
7499
7501
7503
7504
7508
7513
7514
7515
7517
7519
7522
7524
7525
7527
7528
7530
7534
7535
7536
7541
7542
7543
7544
7545
7547
7549
7551
7554
7555
7556
7561
7563
7564
7566
7567
7568
7569
7570
7571
7572
7575
7578
7579
7584
7585
7590
7592
7594
7595
7598
7599
7600
7604
7605
7608
7610
7612
7616
7617
7618
7619
7621
7624
7626
7627
7628
7632
7633
7634
7635
7639
7641
7643
7645
7648
7649
7652
7653
7654
7656
7657
7658
7662
7664
7665
7666
7670
7673
7676
7677
7678
7682
7685
7686
7687
7688
7690
7691
7694
7695
7696
7698
7699
7700
7702
7703
7704
7706
7707
7708
7711
7713
7716
7717
7718
7726
7728
7729
7731
7732
7740
7741
7742
7744
7750
7751
7752
7755
7758
7759
7760
7761
7763
7764
7765
7766
7767
7770
7773
7774
7779
7780
7784
7788
7789
7790
7791
7792
7795
7797
7798
7800
7803
7804
7810
7811
7814
7816
7817
7818
7821
7823
7824
7826
7827
7828
7831
7832
7833
7834
7835
7837
7838
7840
7843
7844
7845
7846
7847
7848
7850
7854
7855
7861
7867
7868
7869
7870
7871
7872
7873
7875
7876
7878
7880
7881
7883
7885
7886
7890
7892
7896
7898
7899
7900
7902
7905
7910
7911
7912
7914
7916
7921
7929
7930
7934
7935
7936
7937
7938
7939
7940
7941
7945
7946
7948
7954
7957
7958
7959
7960
7961
7962
7964
7966
7968
7969
7972
7976
7977
7979
7982
7983
7988
7992
7993
7995
7997
8000
8001
8002
8004
8006
8007
8008
8010
8012
8014
8016
8018
8019
8020
8023
8024
8026
8031
8034
8035
8038
8041
8042
8043
8044
8046
8047
8048
8052
8053
8055
8057
8060
8062
8064
8065
8066
8067
8070
8074
8075
8076
8078
8083
8085
8089
8090
8092
8094
8096
8099
8101
8102
8103
8104
8107
8110
8112
8113
8114
8115
8116
8117
8120
8121
8123
8125
8127
8129
8131
8132
8133
8138
8141
8142
8144
8145
8146
8147
8151
8153
8158
8160
8161
8163
8167
8169
8170
8172
8177
8178
8179
8180
8181
8183
8187
8191
8192
8193
8194
8198
8201
8202
8203
8205
8206
8208
8209
8211
8212
8214
8217
8218
8219
8221
8226
8229
8230
8231
8233
8236
8237
8239
8240
8241
8245
8247
8250
8251
8255
8256
8258
8259
8263
8264
8265
8267
8269
8271
8274
8276
8279
8280
8281
8286
8287
8288
8289
8290
8291
8292
8294
8295
8297
8299
8301
8302
8303
8305
8306
8309
8312
8321
8322
8323
8324
8329
8335
8336
8337
8339
8340
8341
8343
8344
8350
8354
8355
8358
8361
8363
8366
8368
8369
8370
8371
8373
8374
8376
8377
8378
8379
8381
8384
8385
8390
8391
8392
8394
8398
8400
8401
8402
8403
8405
8406
8407
8408
8409
8410
8411
8413
8415
8416
8419
8422
8427
8429
8430
8431
8435
8436
8437
8441
8445
8449
8450
8452
8453
8456
8458
8459
8460
8462
8466
8470
8471
8472
8473
8479
8480
8482
8483
8484
8486
8491
8494
8496
8498
8499
8500
8502
8510
8512
8513
8514
8515
8516
8517
8518
8520
8521
8522
8523
8526
8527
8532
8533
8534
8536
8540
8543
8544
8545
8548
8549
8550
8551
8553
8556
8557
8559
8562
8564
8566
8567
8568
8569
8570
8572
8574
8576
8579
8583
8584
8585
8587
8588
8589
8592
8597
8598
8599
8602
8603
8605
8606
8607
8609
8612
8614
8615
8616
8621
8625
8626
8632
8635
8636
8637
8638
8641
8642
8643
8646
8647
8648
8650
8653
8656
8657
8661
8662
8663
8666
8668
8670
8671
8673
8674
8676
8677
8679
8681
8683
8685
8687
8688
8689
8698
8700
8701
8702
8703
8704
8707
8708
8710
8711
8714
8716
8717
8718
8721
8724
8725
8728
8730
8731
8732
8733
8734
8736
8738
8744
8745
8746
8750
8751
8754
8755
8756
8759
8761
8764
8765
8766
8767
8769
8770
8772
8773
8774
8781
8782
8786
8787
8790
8792
8794
8798
8799
8800
8801
8804
8805
8806
8810
8813
8814
8815
8816
8819
8820
8823
8824
8828
8829
8830
8831
8832
8833
8835
8836
8837
8838
8839
8842
8843
8845
8847
8848
8851
8852
8853
8855
8860
8861
8863
8866
8868
8869
8870
8871
8875
8877
8878
8881
8884
8885
8886
8889
8893
8894
8896
8901
8902
8903
8907
8908
8911
8912
8913
8914
8915
8916
8917
8918
8924
8925
8927
8928
8929
8933
8935
8938
8941
8943
8944
8947
8948
8949
8951
8953
8954
8955
8957
8958
8961
8962
8963
8964
8966
8970
8972
8974
8975
8977
8982
8983
8985
8987
8989
8991
8997
9000
9002
9005
9006
9012
9014
9017
9018
9019
9020
9021
9022
9023
9024
9027
9028
9029
9030
9031
9032
9035
9036
9037
9039
9040
9041
9042
9043
9051
9055
9058
9059
9060
9062
9063
9065
9067
9068
9070
9074
9076
9078
9080
9083
9086
9087
9089
9090
9091
9092
9093
9094
9100
9101
9104
9105
9106
9107
9112
9115
9116
9117
9118
9119
9120
9122
9123
9125
9126
9129
9134
9138
9142
9143
9144
9145
9146
9150
9154
9156
9157
9158
9160
9161
9162
9163
9164
9166
9167
9178
9184
9185
9189
9190
9191
9192
9193
9197
9199
9200
9202
9203
9204
9206
9207
9209
9210
9211
9212
9214
9218
9220
9221
9223
9224
9225
9226
9227
9228
9232
9234
9235
9236
9237
9241
9242
9244
9247
9251
9253
9255
9256
9261
9263
9265
9269
9271
9273
9274
9275
9277
9281
9283
9284
9286
9287
9288
9290
9291
9292
9293
9295
9299
9300
9302
9304
9305
9307
9308
9311
9313
9314
9315
9317
9318
9322
9324
9326
9328
9331
9332
9335
9336
9337
9340
9342
9345
9350
9351
9354
9357
9358
9359
9360
9361
9364
9365
9367
9369
9371
9372
9373
9374
9376
9381
9382
9386
9387
9388
9391
9393
9394
9400
9402
9404
9405
9406
9408
9409
9411
9414
9415
9417
9421
9423
9424
9425
9427
9429
9430
9432
9434
9437
9438
9441
9442
9444
9445
9446
9447
9450
9454
9458
9460
9461
9464
9465
9468
9469
9474
9477
9478
9480
9481
9483
9484
9485
9488
9491
9496
9497
9499
9501
9502
9503
9506
9508
9511
9512
9513
9515
9516
9517
9519
9521
9522
9525
9526
9530
9531
9532
9536
9538
9540
9543
9544
9545
9546
9551
9553
9557
9559
9562
9563
9565
9568
9570
9572
9574
9575
9576
9578
9579
9581
9582
9583
9585
9589
9590
9592
9594
9596
9601
9603
9605
9607
9608
9609
9612
9616
9617
9620
9621
9622
9624
9625
9626
9627
9629
9630
9632
9635
9638
9639
9642
9644
9646
9647
9650
9651
9653
9656
9657
9660
9664
9665
9666
9670
9671
9672
9674
9675
9677
9679
9680
9681
9682
9685
9691
9693
9694
9695
9700
9701
9703
9704
9707
9709
9710
9712
9713
9715
9719
9721
9723
9724
9725
9726
9729
9731
9734
9735
9736
9740
9741
9745
9746
9747
9748
9749
9750
9751
9753
9757
9760
9762
9764
9765
9769
9770
9774
9779
9780
9781
9783
9784
9786
9788
9792
9793
9794
9797
9799
9801
9804
9806
9808
9810
9811
9812
9814
9815
9822
9824
9825
9826
9827
9828
9829
9831
9833
9834
9839
9840
9841
9844
9846
9850
9852
9853
9855
9857
9858
9859
9861
9862
9864
9867
9869
9871
9874
9875
9878
9880
9881
9882
9884
9886
9888
9890
9893
9895
9896
9898
9899
9901
9902
9906
9909
9910
9912
9916
9923
9924
9926
9928
9929
9930
9933
9935
9936
9937
9938
9939
9940
9941
9944
9946
9947
9948
9950
9951
9953
9954
9955
9956
9960
9962
9963
9964
9965
9966
9967
9968
9969
9970
9973
9974
9975
9977
9979
9988
9994
9995
10001
10002
10003
10004
10005
10008
10009
10012
10013
10014
10015
10016
10018
10019
10020
10023
10025
10026
10027
10034
10036
10038
10040
10043
10045
10046
10049
10050
10051
10053
10060
10061
10063
10066
10067
10071
10072
10073
10074
10075
10076
10078
10083
10085
10086
10087
10097
10099
10101
10102
10103
10104
10106
10107
10108
10111
10113
10114
10117
10119
10120
10123
10124
10125
10126
10128
10129
10132
10134
10140
10143
10144
10146
10148
10149
10152
10153
10155
10156
10157
10158
10159
10160
10162
10165
10166
10168
10169
10170
10171
10179
10180
10183
10184
10186
10189
10190
10191
10194
10197
10199
10200
10202
10203
10204
10207
10208
10209
10212
10213
10214
10215
10220
10223
10225
10227
10230
10236
10237
10240
10243
10244
10245
10246
10247
10248
10249
10250
10252
10255
10260
10262
10263
10264
10265
10266
10267
10269
10270
10271
10273
10275
10277
10278
10280
10281
10283
10284
10287
10291
10300
10303
10304
10305
10306
10309
10311
10314
10315
10319
10321
10322
10324
10326
10328
10330
10331
10333
10335
10336
10340
10344
10345
10346
10347
10348
10349
10350
10353
10354
10357
10360
10362
10363
10365
10368
10370
10372
10373
10375
10376
10378
10379
10382
10388
10394
10395
10397
10398
10402
10403
10404
10405
10406
10407
10409
10410
10411
10413
10414
10416
10418
10420
10424
10426
10428
10429
10430
10433
10435
10436
10437
10440
10441
10444
10446
10448
10451
10452
10455
10457
10458
10459
10460
10461
10462
10466
10467
10469
10470
10474
10476
10479
10481
10483
10484
10486
10487
10491
10492
10495
10497
10498
10502
10503
10507
10508
10509
10510
10511
10512
10513
10516
10518
10523
10524
10526
10527
10530
10531
10533
10539
10540
10541
10542
10544
10545
10550
10552
10553
10555
10556
10558
10559
10560
10561
10562
10564
10566
10571
10573
10574
10575
10579
10580
10582
10583
10586
10589
10590
10593
10595
10598
10599
10602
10603
10605
10606
10607
10609
10612
10613
10614
10617
10620
10622
10624
10626
10628
10630
10632
10633
10634
10636
10638
10640
10643
10645
10648
10651
10656
10657
10658
10659
10660
10663
10665
10670
10674
10676
10677
10681
10682
10683
10686
10687
10690
10691
10692
10693
10694
10696
10698
10700
10701
10702
10704
10708
10709
10710
10711
10715
10716
10717
10718
10723
10724
10727
10728
10731
10734
10735
10738
10739
10741
10743
10747
10750
10753
10756
10757
10758
10760
10761
10763
10764
10765
10766
10767
10771
10772
10774
10776
10777
10781
10783
10785
10788
10789
10790
10791
10792
10794
10795
10796
10799
10800
10801
10802
10803
10805
10808
10813
10814
10817
10818
10820
10821
10822
10823
10830
10832
10834
10836
10841
10842
10843
10849
10850
10851
10852
10853
10854
10855
10859
10863
10867
10870
10871
10873
10874
10877
10878
10880
10884
10885
10888
10890
10893
10894
10895
10896
10897
10899
10901
10904
10905
10907
10909
10913
10914
10918
10920
10924
10926
10931
10932
10933
10934
10939
10940
10941
10943
10944
10946
10948
10950
10953
10954
10956
10957
10958
10959
10960
10961
10964
10965
10966
10967
10968
10969
10972
10975
10977
10978
10979
10980
10982
10983
10988
10989
10991
10992
10994
10995
10996
10997
10999
11000
11001
11003
11006
11007
11008
11009
11013
11014
11015
11018
11019
11020
11021
11022
11023
11024
11025
11030
11034
11036
11037
11038
11044
11045
11047
11050
11054
11056
11057
11059
11060
11061
11065
11067
11069
11071
11072
11073
11074
11075
11076
11082
11083
11084
11086
11087
11088
11089
11090
11092
11093
11095
11096
11099
11101
11106
11107
11108
11109
11112
11113
11116
11120
11121
11127
11129
11132
11134
11135
11139
11143
11146
11147
11148
11149
11151
11153
11154
11155
11156
11157
11158
11159
11162
11166
11173
11174
11177
11178
11179
11181
11183
11185
11188
11189
11193
11195
11196
11198
11199
11206
11210
11211
11214
11215
11216
11218
11219
11220
11221
11224
11226
11228
11229
11232
11233
11235
11236
11237
11238
11240
11242
11243
11244
11248
11251
11252
11254
11256
11261
11264
11265
11268
11269
11271
11272
11276
11277
11279
11280
11283
11286
11289
11291
11292
11293
11294
11295
11299
11300
11302
11303
11304
11306
11309
11313
11316
11317
11319
11322
11323
11324
11326
11328
11330
11332
11333
11339
11341
11342
11345
11347
11350
11351
11354
11355
11356
11358
11359
11360
11363
11364
11366
11367
11369
11375
11376
11382
11383
11385
11386
11387
11390
11391
11392
11394
11396
11397
11401
11403
11405
11406
11407
11408
11411
11412
11414
11416
11421
11423
11424
11425
11426
11428
11429
11431
11433
11435
11436
11439
11440
11441
11443
11446
11447
11448
11451
11452
11455
11456
11460
11464
11465
11466
11468
11471
11473
11474
11475
11479
11480
11484
11485
11487
11489
11490
11491
11492
11493
11498
11500
11506
11507
11508
11509
11510
11511
11512
11516
11517
11518
11522
11524
11529
11530
11532
11533
11535
11536
11540
11542
11545
11546
11548
11552
11553
11554
11555
11556
11557
11558
11560
11561
11565
11569
11572
11573
11579
11580
11582
11584
11585
11589
11590
11591
11594
11596
11598
11599
11601
11604
11605
11606
11607
11610
11612
11613
11614
11616
11617
11619
11621
11622
11623
11624
11626
11627
11633
11634
11635
11636
11640
11642
11643
11647
11652
11655
11657
11660
11663
11664
11666
11667
11668
11669
11671
11677
11681
11682
11685
11686
11688
11690
11691
11694
11696
11697
11698
11702
11703
11705
11706
11708
11710
11715
11716
11717
11718
11719
11721
11722
11724
11726
11728
11731
11732
11734
11736
11738
11739
11743
11746
11748
11750
11752
11753
11754
11755
11758
11759
11760
11762
11763
11765
11767
11770
11772
11774
11776
11778
11781
11782
11784
11787
