43254 13267 37915
22308 23254 11407
43523 8723 17885
47104 3176 25252
42758 18241 32579
10376 31923 11766
2121 7397 48775
4234 12307 6929
13458 3490 19939
48265 33371 3364
25993 46945 38393
42696 13354 22336
45765 49787 29892
7598 41862 9142
37540 1466 1288
25145 48025 38697
8123 32479 1835
38027 6845 6933
47804 6648 19741
26134 18716 4224
3244 9765 35023
38495 5049 39060
41282 15841 36936
8801 2854 25320
12627 16968 49760
49838 17980 6679
4733 31333 37947
47497 6715 14212
24091 17284 38012
3793 10421 10027
5707 29441 2131
23195 3446 20430
9566 19170 38580
21942 23448 34914
6568 27872 9391
18992 15712 49903
21163 38349 23123
33566 9739 11916
38943 1740 10648
1288 49664 15466
37992 19454 34669
17876 20699 1142
35866 30712 15945
31575 40161 30054
11373 7279 9532
28280 948 30618
16751 42223 8097
24839 10191 30592
11481 38493 18486
14752 28930 25224
31414 39628 5054
944 40090 6955
46352 46954 12660
48057 6519 26500
37969 4849 16199
5108 38778 22095
40525 20839 11105
35771 23243 33024
1435 16443 3342
24077 16794 5908
39277 401 38601
48149 23271 36217
39294 25334 46782
20876 5294 47963
37977 47151 12448
3396 30045 13354
8640 47771 48476
29433 9586 262
11681 12162 27983
46795 48023 31308
34958 568 1347
34344 45155 12723
3502 7930 46944
5597 24533 23123
37987 30707 46483
12389 49830 20835
12799 17007 7258
45931 12765 31426
24062 23721 12450
35681 23244 32948
167 43628 27131
37889 27054 35
27736 33851 17118
46482 46244 13268
38156 171 13429
8425 35882 49986
2965 29183 22370
19137 24122 38957
12450 48010 23472
15340 27846 31029
25658 35872 1047
37864 18515 9188
32018 4133 10927
21733 15374 14798
24718 37963 9226
44843 45774 10747
47646 4234 24799
16281 35390 38786
25022 32915 30454
47495 5302 16068
3037 15276 14375
15218 44612 43413
6832 14753 34236
2791 24277 6523
23682 13141 15554
23495 31066 3521
12799 48650 39559
9957 7822 3058
3430 43541 23472
41956 6590 19212
11652 17245 47824
34630 42476 3128
43817 882 5174
36749 2144 40687
10287 14489 39482
36880 49756 9391
15495 7269 20702
39342 6729 3564
22266 16434 22265
27736 37895 25644
48434 33203 29287
42226 29953 18912
44339 23115 6644
173 7997 3228
9894 38902 10027
9413 34672 49979
47177 46948 5633
32776 2666 3469
10028 28894 30319
15114 40242 8368
45409 42372 31279
10268 694 20946
11790 46094 14693
20876 2136 12456
5296 34949 3407
15632 3765 345
11397 47685 18758
39262 10286 36665
46951 12125 15847
44808 31130 20304
44912 20010 31992
9413 40275 18515
46945 50003 6676
22806 30069 20760
33310 29576 40690
19332 34486 36906
12450 24267 46943
37517 19796 35355
39508 34669 42070
5937 34661 32838
44509 39765 28269
37538 4910 15465
16199 7658 15463
23615 44742 20207
19320 3085 36550
3717 25317 443
49950 15314 42480
21874 10022 46003
217 31131 3357
29668 6539 34981
35860 15424 23423
23856 37962 17678
24083 38034 6480
17753 17044 31742
7905 4587 23157
13365 41339 13726
25865 283 9312
1815 10267 658
32158 2138 483
37269 9415 22444
26158 2162 23492
31844 14310 33897
10164 1844 14753
22513 45548 49004
44326 16243 41891
36629 1648 24043
17174 2838 45202
1529 11561 35016
26885 15462 3618
16673 47640 1630
8624 23110 49025
15945 2294 1529
37515 48335 24419
27329 42156 24363
46537 36130 48567
40612 1876 20679
1851 3219 23023
40291 47409 31646
23036 16435 12999
37716 11422 3643
410 49726 3609
46288 2262 20680
33443 9700 37962
49869 42302 40388
5254 45215 16626
23168 1529 10744
34225 25079 34609
32333 3369 4688
3370 45125 2646
5542 40535 23423
20430 29551 48116
19015 5906 47140
30464 3407 23236
36809 2959 42765
10719 43254 39933
16916 20433 14575
21927 44115 47742
8543 26608 48901
43278 38259 23826
8626 33860 24065
3534 18685 20449
11761 7628 38223
46420 7258 32456
25246 8635 36656
30312 41698 11184
24718 37271 41771
49115 45787 15218
44863 41204 32697
19725 6478 48002
27268 29108 39042
5724 34732 2888
32175 24061 3505
32155 27099 43548
23235 22544 36789
41820 28376 15881
9779 367 30624
12968 10852 12950
39893 36582 20606
30199 31934 10936
38774 41267 27617
15461 9217 46759
49409 1129 17040
38161 9878 32605
37676 14393 38811
41297 3367 14607
38275 46785 45015
47034 17915 32742
19070 15091 20530
12159 16757 46446
17612 25281 37874
46760 43910 33443
41467 5096 6400
42460 1198 36583
13329 36445 37850
44173 37882 43685
28849 44270 31045
29143 8356 45706
1578 14159 30070
26883 35461 5084
43046 45511 11946
10726 37932 12654
24069 42249 9991
33197 33200 25766
43414 39570 789
21942 2153 12248
16084 43690 36228
25562 621 18214
24743 44114 16271
29750 7553 13503
29120 9655 30849
16234 37953 41709
5211 15650 3709
3917 35796 22818
39461 37889 15453
20698 31982 18095
49077 43564 16249
29862 4469 36229
37888 11381 9455
16430 46286 40679
2236 28921 46397
37887 36941 33446
3337 7903 34663
22470 33444 26387
1660 100 22613
33365 16821 10890
28560 24174 18949
41841 12687 5065
47316 2345 20815
23867 5995 25354
6746 32745 31447
25379 30769 25548
39331 10408 28908
29862 13328 26236
39124 20389 17272
40081 19119 29556
36158 13752 19832
5463 48136 3396
45747 49145 1015
34671 17048 49453
20695 410 5358
6520 5802 7902
28771 48764 27025
35869 20484 41878
5266 13709 29089
10488 8711 46486
19965 37692 17261
49111 20417 3446
9295 46244 7963
5283 3350 35946
27740 24654 4469
36792 11229 30489
42805 18299 3356
6168 10022 42874
6511 20258 27990
46927 23450 1370
37965 24118 27230
3712 46756 2857
591 12263 18436
12513 10928 5239
20618 5492 45869
8640 26469 21575
23500 648 27601
37988 32470 20695
42023 1533 37160
10030 27502 26280
20044 46950 26612
33713 19787 38233
3430 27037 46777
41725 15982 46954
34622 9020 33443
38752 5349 34212
20417 24402 21860
32103 15015 10101
18374 25147 30938
21521 1187 4672
37705 33466 14177
9568 48598 42015
15114 47065 13523
40445 1531 28020
18007 20398 10882
32740 15334 35571
620 467 26588
677 32823 22055
13331 41126 2344
11426 3795 1296
36682 286 31078
38012 31883 35871
37660 4006 25034
44137 7173 508
6831 4583 44135
22865 23820 8422
38363 5050 38791
14753 37552 42804
27329 22988 35088
13719 40252 35470
15466 31766 4570
1399 31419 13346
15849 10708 37529
22115 27864 32140
17127 38326 5574
35269 5659 40249
3376 45413 3348
11481 49114 44838
1769 33147 23982
21507 49692 375
9740 21663 4483
44587 21733 28824
42482 11429 44037
45575 20784 47489
488 3699 31712
23630 29705 637
33204 37157 2924
40736 29217 41439
48618 7345 18879
6518 24683 4590
32140 14753 10175
34678 402 3240
26267 28320 49936
39615 21263 332
24711 45335 13018
806 48008 45896
2935 30252 12691
46351 46777 9274
11681 20606 4954
12184 25668 20489
20814 37873 13346
46080 5835 7199
16612 29438 39227
11538 15839 22522
9295 16218 47504
4472 34177 3442
5559 5126 14135
4942 6539 658
20269 15391 4054
2780 1661 2175
10289 15856 24109
38717 34644 23474
26901 47670 46043
42282 4205 17700
32031 30314 38757
12218 37864 67
2667 1270 7664
5389 10143 17453
25297 24714 43552
45076 14238 31984
16707 1200 26662
43855 48104 687
9183 12218 24130
43523 11753 2775
35622 12361 39786
40242 44912 27318
28622 1529 33725
15841 31366 13331
20015 47587 34095
11824 2100 23636
46612 40175 23370
5493 41672 3407
17869 1650 38525
10191 9599 49479
5542 5596 5941
49776 24079 2954
24603 12682 5943
46763 13505 42571
37517 19131 2336
864 23020 12449
10333 37948 11938
16774 48758 26358
49904 3795 3277
620 10212 36383
11938 32955 46467
1768 44115 18814
29496 2676 21972
40504 21736 31845
36883 20451 9601
3309 739 38492
19749 38608 16261
48640 44232 10372
1851 10101 5289
27550 22621 36033
24123 1822 33443
18955 15843 21562
9815 22537 26470
5999 45515 31266
24972 23029 43777
20595 12679 49764
15466 38627 22370
38067 16072 46425
38936 20082 39505
49490 46767 28710
7404 41868 17968
8577 20365 5329
2176 18673 156
21765 1347 21187
20480 6587 28418
2953 4968 47408
35807 7583 9155
1347 33527 4860
46247 20124 44347
47639 47151 13869
28212 16294 34333
38546 21457 1582
15939 12704 16217
1358 29157 13437
26151 377 48313
2783 43970 2925
20389 3037 47411
23682 34033 29858
6575 25597 9449
24665 26614 35732
16970 15945 24818
16612 23786 5066
15865 3770 20697
11261 8454 38026
28350 1286 1987
20697 14490 9155
6677 42706 9186
4860 12511 10022
23743 5358 38486
3574 1374 33046
1533 12207 4892
3792 24513 16217
20287 45700 7334
48669 14236 18776
10503 1951 36011
1851 3058 662
16219 36792 862
23606 30714 17988
35015 638 49111
23453 49125 17523
16644 11395 44115
31934 36593 24130
3663 26633 32591
1805 24936 18737
2058 36895 44717
4173 49317 15842
49664 36755 13273
5592 41821 44845
19731 9654 8932
11538 47936 22841
48730 46941 3026
25145 6939 741
17249 46775 147
48265 31135 43814
46513 37887 31985
7553 34406 17186
37984 369 37979
22019 37981 3696
16217 27593 470
4178 48035 38096
8622 40951 40814
13437 2785 358
16765 44057 371
11359 18359 14869
15630 48442 37865
1769 37933 19249
18612 16612 48501
16204 19205 2927
19825 18386 19064
19816 585 6914
16073 5218 27132
18460 36937 19855
39934 44692 47189
13272 44245 9446
17613 28088 5054
1248 33947 10808
14489 15494 5611
41954 47469 36879
7661 13648 47195
49758 35037 21300
2927 22328 872
18146 30325 8222
35273 15535 11743
32513 5542 14950
15537 20324 16209
2301 23629 32260
21857 23049 7776
15899 4700 29300
10939 5058 12971
16644 43937 9451
3635 39108 27168
6520 8058 20389
12447 19013 26135
38407 27316 23253
5631 9599 11501
19103 23543 7551
39291 39609 8454
25427 37942 19949
6478 8138 41669
26198 37888 44166
28928 22254 48007
5937 19601 32371
29435 18143 35882
32734 29442 30074
5432 34666 18144
24884 31060 17731
35875 7975 5544
31978 42731 5857
18818 7081 43898
14612 4130 26187
42674 31933 18761
41613 20445 26824
6580 17869 17627
33201 16046 10164
4007 21472 15848
6481 25463 34644
30684 47799 39152
46787 27414 13356
14751 32826 10815
7936 2900 35762
41956 42114 20795
14675 8443 49690
32176 13268 2331
10352 1203 200
6672 12194 3371
11002 3570 13356
19252 47941 3646
15864 16768 217
11993 39536 7941
4802 5064 35778
3370 27756 15467
38936 46352 37481
22468 37965 33194
34645 31521 4860
3365 35860 4607
33734 33194 31878
7486 23168 44240
5937 12184 44465
42232 43101 23254
20107 46771 13053
20793 40688 5557
540 6614 18144
5739 35620 7753
16280 10152 17217
17818 32253 41530
1413 38086 33203
15460 42304 42572
25658 4527 19877
12023 42155 19200
45615 7140 16211
3309 10290 31420
1286 27112 4599
37873 14901 5357
44947 3337 10577
28 7774 22754
34552 34503 5931
5861 36881 30027
28137 18514 27779
16262 3304 26820
37676 7776 13815
5122 17097 5434
28319 21317 24947
29439 19796 15856
5632 16237 45935
26679 5581 43367
41841 2186 40098
22887 20701 20026
46954 13524 29443
23047 44305 28011
20701 22818 46763
3999 44613 19583
11471 8622 34070
5733 30363 1771
19218 3763 18066
46952 5705 10164
41571 5707 43895
20702 22995 37884
37965 28462 9188
8822 28218 4087
39442 284 36742
37446 25892 15313
14661 4175 6274
39570 1159 34401
32835 48009 35194
2809 4606 25545
40682 16604 2410
6271 36852 14548
40445 45991 41318
32042 18194 43407
22400 15191 5593
46482 46235 785
20952 1287 17825
4047 49409 48069
29126 5212 4571
38775 33774 19942
18051 33826 2143
8543 47933 12575
41954 40179 157
47974 8326 20968
38729 25604 6627
11405 28002 15274
44792 19241 35616
46677 4009 20535
42027 30208 15255
46760 39140 46775
34190 2046 22637
49222 20067 16920
46608 8058 19741
14753 35734 3367
8923 9895 20169
29039 2819 29093
1061 21317 15541
23661 26034 12692
41011 14800 9047
3342 10476 37978
19731 28195 39734
156 10478 4893
15891 47174 14318
31248 16087 14992
45076 31896 40810
30016 5754 4123
2344 6608 1288
43700 38498 35028
46978 18771 14066
877 49918 46953
4137 27637 12062
6967 6747 24603
3244 44057 41431
963 23507 43816
33117 17586 49547
49109 22731 20695
10146 37878 18813
43624 20719 38088
10101 39759 35813
41297 16272 38949
13924 15460 23995
14661 41880 9779
36676 37114 11576
46935 10300 44281
30172 45185 32654
37964 47977 30325
7777 25404 19532
12968 24073 36523
11675 12648 40543
42916 301 31701
31978 2187 7103
22612 26702 10863
27615 46253 20760
19958 10696 3706
16765 21118 25245
19937 40312 46029
3097 6667 44866
44951 18807 20403
43183 44949 16662
49151 3348 23775
34622 813 38498
5544 27168 9273
24071 43882 8142
47905 18051 23079
34672 21064 35015
19619 7677 3802
19532 36787 48531
16470 19210 19939
41881 13095 35866
22025 46775 21834
37995 49620 46772
17202 4009 19739
34344 5364 12473
6271 44428 230
27843 1599 31218
31029 37529 27299
28708 18120 47865
216 7904 22706
4060 12447 23463
11279 9484 1552
12052 22705 47822
21970 42382 3560
2187 7826 37899
1577 32513 1146
33026 29519 36980
25673 29548 2808
49884 47116 41292
44071 13036 4084
29791 169 5275
23154 12449 4685
3622 4489 21054
3663 13088 36858
46945 18524 34667
43104 28110 10584
446 5544 45676
22552 35016 47245
22552 44327 27962
41722 31968 25993
7608 1533 46116
39679 2961 7833
49792 5449 48977
6123 15649 33103
34834 21742 30467
41122 48755 49801
39208 3819 17101
14789 26586 43457
13897 28554 81
798 6522 6211
49829 12503 46767
15495 145 16207
7579 35702 22343
10858 35327 542
21740 4469 5540
15627 29557 30320
44658 42803 37240
10853 6539 666
19320 43719 47585
11249 10226 22132
5546 19662 35867
49642 6196 45615
13017 37932 33855
37889 23655 35875
16970 21725 29867
49667 10726 12748
37538 10543 37529
49776 20026 20910
48226 17812 5865
42988 16526 37537
28746 18408 15958
15743 8622 29086
29861 3174 35170
25762 22077 37927
14753 14618 33203
22704 35558 6133
48361 22706 16477
12652 9604 21717
46925 19870 14753
4136 2175 40412
48859 572 10602
48265 35257 10361
31844 45000 16231
36812 2217 42080
19468 18209 43284
45483 10096 47318
16435 20305 41954
34977 10757 38463
7845 49965 6766
13000 4599 32959
43645 24069 45818
24718 3080 9324
13133 8593 25425
38768 7559 6218
12209 4590 1853
47804 46179 8191
43139 2780 30009
14661 42727 25997
34977 22704 2088
3793 28095 877
5908 1546 6476
12627 6672 7114
3209 9446 41906
44356 11568 22841
49838 2097 3431
34225 31419 35758
11378 17548 20788
24445 48179 34607
9606 33713 17615
23228 29359 24762
30778 35037 5694
12218 9056 48861
6316 15629 39228
14477 6779 47037
10639 30639 22108
16079 16261 4224
38774 37540 25929
49077 4071 11610
15013 3119 9530
19827 46934 10266
120 48474 49722
5207 9847 44806
17474 29252 36383
32299 19833 28564
312 21894 49899
25505 45126 27375
42804 16461 2345
5122 32589 3877
7866 17615 34573
15891 10938 35539
41823 37705 7199
21587 32647 17694
38685 5058 45249
21500 16256 20044
8922 38814 45575
16916 8765 37200
45655 11377 46803
6954 39673 19735
23474 25838 23636
47497 4590 45631
9413 2784 6548
8936 25208 46734
23663 16581 19117
6523 7344 6575
26965 7541 16191
28806 22682 44701
44698 34856 43079
39461 14621 31870
7368 3373 30849
5906 23686 30319
18095 40786 29435
4599 6466 12228
12184 35899 6912
19827 9188 20019
19306 46760 42537
438 13973 38525
6160 26037 9452
45122 438 15736
34124 2316 43040
45409 4226 22151
23243 25203 29435
172 33244 49837
31037 46650 35377
10611 39315 5596
1898 32263 36425
33946 33239 6151
7953 21983 47997
17535 2787 33015
47829 42988 19703
1587 24002 20035
20789 1282 5319
20016 36412 7781
18150 46282 20947
4802 34362 42614
49419 14372 31042
35301 48834 34887
44426 40753 47151
24064 15082 38538
19601 4234 38260
23071 19221 11410
38012 36154 13351
46774 38868 16069
6868 38607 12647
13535 21870 3487
23162 717 20606
36687 37968 3518
38478 20169 38917
26845 1371 47369
37031 2176 10382
9455 40963 3793
23453 2079 5988
409 37833 23470
26164 21847 37703
2058 5294 26551
22071 7465 33492
37015 3534 34826
28 1793 26095
46763 28930 46781
966 29126 34248
6152 12517 13581
32268 16948 23488
19749 9688 47410
16919 48528 198
25196 8080 38214
14617 31553 20988
4894 31218 29443
24061 21840 15588
48361 11470 11148
40051 15411 49426
47698 4852 38397
15907 20365 47723
216 39080 4381
44135 10462 17463
39767 20492 1372
42154 2552 1164
23257 49401 9739
32339 16478 31998
21713 7103 49767
31652 10476 24269
17815 30880 13169
38607 20313 46787
34647 3024 2345
5053 36384 46952
19965 24464 45787
13090 28967 30789
20863 15630 7606
38943 17354 15686
6520 8711 20331
20447 36529 2791
47974 43466 38640
27514 40291 28397
17437 8418 11266
28615 40886 46137
9451 13529 5908
9741 42984 33371
1135 20768 895
32333 4859 3103
12502 19598 21054
32268 30321 6766
3236 10399 6538
8539 30892 27131
5033 48559 42338
7672 1531 45787
40753 21405 3398
32268 38814 15415
5265 20497 10989
34463 31420 40085
10190 21439 27208
19218 34581 15406
19904 26245 46574
13658 1286 37069
37967 3330 38607
40000 40812 15789
9992 19954 16097
33878 401 14976
10024 36788 20701
401 33730 37864
49876 48523 49369
22544 46868 6675
25415 16806 15945
8191 11292 19011
17099 13486 7909
42807 37006 2195
10411 9992 6866
10725 11780 7183
8801 28367 42565
33546 16205 27862
35739 19212 32843
2705 42411 35884
18121 37446 36338
12703 37962 26376
39342 46245 3542
38718 35796 20390
39748 37949 44380
6934 18908 19557
30387 4008 16832
7870 4472 45295
47177 37889 40512
32374 12731 12150
15572 40711 30054
10561 4795 9236
15013 27350 19326
37838 28331 17495
6160 8233 22544
5907 1738 15460
4474 20944 4231
48339 2896 25220
24352 4849 16645
22126 49071 21860
33204 2807 29437
520 40179 13931
40548 3376 934
6868 46480 28649
44135 11249 3864
44137 9893 31756
19032 10223 4097
2121 42695 15247
34671 22929 37968
42109 1086 47890
47892 12599 12326
11652 23112 44518
49077 6780 33048
34622 31124 3398
1560 33874 45937
1202 41472 6481
48559 456 17685
21494 1951 18948
13065 895 18291
