31047 44374 9138
11784 38505 25147
11102 2900 35932
2493 4711 26043
20067 13894 5609
2026 13983 33292
44804 30973 33320
39940 11594 14650
43538 29630 44237
22690 22368 48419
28712 21852 45978
29153 46628 10503
44995 1176 45794
33932 22621 37491
11183 29706 18950
47109 3524 40476
45010 19531 48488
16129 49521 16736
48767 43954 20912
7990 3755 11165
31453 19204 7263
43900 6374 46595
33497 22517 25929
8503 46113 25259
35643 46235 38178
37156 36488 38749
16875 1813 48060
49311 44129 17921
22483 29302 20080
31707 27318 38812
5889 49167 45326
43726 15405 48643
14844 48117 40402
25249 129 36061
35543 3403 21433
39977 26942 43393
21438 49861 47502
44788 25670 49404
4804 37604 35417
4360 30221 372
36504 27464 36934
35898 28049 26995
35441 25351 20397
38457 46811 28455
14199 31018 22947
29464 43975 8617
21715 48934 45473
41760 32487 42473
48686 15695 45880
44869 32002 49398
2565 36041 38768
26829 19842 15911
2123 16228 26040
44890 21510 44995
24011 26122 22005
41663 8097 3542
36511 37667 48772
30968 374 18879
36390 1096 23040
47662 7475 40428
26116 12427 8977
5604 8666 13911
30421 48644 36238
43700 29207 34046
14891 16986 28461
45265 29239 18677
27499 48943 21138
21795 371 25263
39692 24708 12578
36271 1079 8480
44550 20420 20168
2176 49402 30814
4891 43898 24012
34764 30105 37785
34442 35327 42317
12106 45688 34568
29062 26750 48658
29623 31560 16585
15290 19594 22343
21438 44734 22689
42065 35198 43898
4115 30550 49203
32602 24298 41759
27637 24279 34896
10636 41698 33933
12985 10972 10335
46389 28307 44264
48115 40644 6810
32514 1145 32601
45474 48478 1355
34050 43026 30967
34106 2411 6812
34350 38185 33302
1009 2907 1650
49168 24228 43914
43539 34528 9917
10454 47782 23641
31746 20622 8041
28089 43898 12792
27990 13101 22021
39077 19303 24544
23071 23015 11020
47879 18301 28757
6046 5246 9752
6454 6815 34224
7701 44734 18618
13785 26522 15845
10847 44785 35530
42006 2900 31686
44025 46996 48767
4493 21024 36291
4162 43431 21130
9349 20893 36224
31185 11912 22538
22019 19075 22401
21583 6518 49482
1315 19756 3023
49767 5455 14629
7539 34768 27508
24366 35267 39206
25845 808 47635
49678 48276 18783
45682 2328 36290
7542 10191 5618
42598 19071 4466
37009 22578 30401
15431 25570 37011
13999 49407 45495
16758 16948 16257
12489 7305 44843
35093 29779 11015
48487 1622 26893
35726 47477 32448
26493 4104 23365
47166 16177 405
42295 1077 28025
39425 35975 6085
38647 38997 38008
10812 22090 15262
30984 1043 42588
17525 1801 11602
14560 33217 37923
22945 47086 45687
20484 21069 1996
39667 30572 4392
19289 29631 43682
14750 34126 21562
9394 5443 42343
16399 43901 17758
34256 35817 47931
342 18611 41383
10225 15078 40720
13414 48924 35121
22346 5524 28135
18520 24277 46008
33056 12133 21583
4253 44085 39487
41060 10625 39014
1118 19591 13376
48940 45475 44100
21064 38397 34090
18322 14355 12129
31084 26603 37011
49751 37146 36009
19706 30726 28496
48936 9111 13102
38435 33292 5552
28251 19382 40874
1266 8090 19280
13344 25624 13739
14175 35230 27233
34275 26628 21927
40309 10369 41312
32232 9134 41054
18898 48123 35204
34204 28518 6824
616 37634 43364
23649 19842 10689
7583 8714 39623
372 9713 18532
47712 45809 45539
49007 40912 47773
36929 2191 19784
30429 29641 39538
13560 3040 5756
1284 20871 48332
22382 26674 13621
36098 22558 29403
14047 11439 16026
34224 21422 4481
14175 36388 43327
44589 49264 39448
13131 27603 23785
13551 23709 21596
5035 15344 493
8113 39835 29434
13 7803 42491
38813 13219 49177
47445 43826 39136
46647 30404 24708
3473 18687 26053
22483 25290 18321
11977 11770 18556
25363 6345 26358
23501 21668 38309
8196 5046 7074
5454 20938 13982
28861 20169 25543
29487 22191 40692
38024 33306 13979
48478 19890 47109
13166 5793 42040
31385 33648 42173
11977 21852 2689
4449 13995 37845
21866 43830 46033
45279 35625 35547
37749 10128 49686
11426 11043 47503
1251 16708 30377
14708 47500 28703
3833 34874 13983
38492 46119 41449
31871 35657 35437
29880 5550 43407
37106 20981 33796
48587 19848 47791
43409 37469 34258
15782 45056 32120
39964 34833 9921
32142 42146 22562
28738 43987 19930
41343 46512 43734
4253 19582 44910
48126 35347 11693
38608 7183 41319
37081 30743 44842
43038 35643 43509
43924 40212 26414
40619 44916 5765
37020 20806 38431
44804 5590 874
10930 8881 15549
13318 46719 16047
49731 2413 49534
31366 43320 37075
38541 29941 33056
18685 17091 3524
35390 13555 40157
21001 454 46742
42581 4057 37003
39368 38540 10210
24819 40363 46971
30421 11586 8757
26634 32356 36390
22084 47737 15984
22519 11973 44038
5598 4217 41317
45812 41838 44806
5805 30130 31362
10103 22153 35279
28044 38449 36617
46501 45514 23040
34371 30543 47538
26463 24782 7049
32879 15754 3492
35091 48279 14742
46190 13976 3475
23607 15405 43482
34899 22735 12927
18156 17763 36437
38267 23017 31945
6105 26634 16419
9793 37419 10432
6810 48940 22099
7632 20366 43826
27762 46181 34030
27699 4100 43525
9578 15700 49649
27491 25593 12592
25890 5277 41385
38432 37685 27607
40004 19499 33168
47208 33199 30587
5441 9380 20067
47136 21071 38025
29849 31061 15214
48365 20842 42859
10794 21042 11030
23268 49767 2828
31257 44425 1564
33406 3836 44580
43322 19206 31074
11800 12397 28680
48467 32472 49337
45194 35778 10299
2157 30544 42259
30809 30582 33149
15111 48610 34308
26087 19563 43873
14954 43922 23046
7539 36290 7955
48942 17684 24782
35237 179 16159
48298 21440 27888
21456 17096 48278
37687 20717 34699
15052 1900 6027
39219 15713 38337
6537 38865 13684
28833 24190 47928
31310 18950 25809
28033 6335 16076
14119 35138 29269
37538 22150 13160
36662 37713 24470
31734 45174 3243
40828 5597 24351
33795 17779 40485
31073 22014 38566
5364 6828 46620
35736 23023 42911
1315 210 34712
32448 2263 4626
38518 21544 21388
42502 44731 28001
43657 13217 36472
48235 35252 7742
48924 8966 31138
27012 16142 23481
17845 29366 8807
30977 24270 34719
9835 23630 22721
43539 45025 45633
47946 19142 15802
46839 38110 10416
45813 38783 48942
12948 34745 14379
48482 46202 46996
32636 26393 27720
37263 29512 23266
43954 24733 23846
39945 32369 46280
23006 38024 45726
22558 4327 12344
22271 508 26188
33209 39962 5673
2157 29273 8202
19491 43699 28508
10903 19724 42644
4360 30774 17559
6569 30531 25724
34308 25063 30688
45265 46017 5222
45626 25203 29478
43251 49108 13976
48287 28310 44235
22053 7895 1202
23620 34620 13979
7923 29401 26228
24398 28010 23050
15030 18984 37055
47370 18819 22229
38287 37894 23625
5202 21584 23703
23941 30867 19026
9323 37544 2365
38043 2137 26559
48793 22937 19289
41407 46203 3195
11102 12208 37193
17943 38815 2123
29599 8166 25464
9671 36106 7911
20810 21224 7956
25505 39623 4291
26669 37678 25809
7134 23505 26995
12637 19912 8014
46501 29844 13979
28943 11335 36984
42264 21506 34442
13318 19024 28686
34714 6135 16590
32440 22520 46610
29024 30550 5017
4404 11596 48301
18950 48766 17241
16948 8718 34092
4404 27193 37457
21853 19565 35325
28414 19599 33844
32732 20173 179
34828 26122 14810
29637 20315 30999
34890 48420 37060
11977 21064 19727
45872 19993 48117
10685 49535 20246
47106 34447 41289
29700 44631 48620
14409 10232 25839
42972 12317 48478
40827 29941 7010
2314 46754 49780
22380 45631 11916
32073 18534 3676
22623 27150 47736
43836 44139 46548
42006 19266 3138
18798 6810 7124
18974 22131 33216
43829 42972 5625
44202 2739 43431
48269 36140 16229
36913 29608 24433
39904 26817 6424
37793 16146 3154
15574 18671 33521
30415 29514 5544
28001 20871 37819
39667 25479 49336
44014 43268 49832
15625 15870 48660
41254 27585 16599
42488 19415 17709
28339 39090 42862
9971 15758 26307
11297 16143 25736
14999 45174 49203
4577 38027 13813
38516 21407 49731
11002 33521 37270
28072 22120 27117
17720 623 26239
37147 26803 49271
35658 13899 32774
2972 18922 46009
33497 26412 47477
18781 16580 44048
9971 43051 31343
30596 33047 35531
17062 47089 35377
7386 36265 9933
38457 23146 9918
4717 2128 48080
17925 46181 33800
41121 47806 15945
42291 26875 16062
38250 6033 36124
17266 15246 26655
17291 5242 44187
21495 14950 20352
6263 46557 29553
12171 37562 27810
11977 37658 8440
3542 23006 44150
21619 46984 19713
44237 28444 17872
16540 18422 40997
14199 42217 46557
15485 21718 38287
20732 2393 31179
8091 20476 23949
10883 29519 33712
28308 30551 36806
1895 39915 30368
20463 30802 48467
31009 46829 15000
28691 11399 24200
41960 22233 7013
48577 38291 39139
48730 10785 19685
19191 47149 26823
17714 47166 1575
28111 20028 24620
40273 34092 8345
29464 35608 9269
36520 35679 41932
11604 9158 20565
1895 7695 5468
12841 39915 40209
10847 749 49757
37669 14137 43426
49450 14487 30931
35748 45580 2096
941 4336 39568
28033 10326 39132
47773 18321 18534
45949 22730 15270
23540 11364 27987
15945 2854 32920
34714 18905 12718
8976 5628 45824
16540 17512 25529
17720 6493 19152
16028 2136 12191
14017 49056 42501
43586 39961 4440
43484 22689 32852
42969 8209 45202
44211 35534 48638
13437 18518 15804
14714 15289 15928
28548 19201 46877
47307 18257 47591
36983 15972 42850
38025 20861 49250
36616 17511 32597
45680 5202 16674
36616 47376 41372
22558 17678 42872
44425 39250 38284
34414 28613 29944
370 44807 11183
41121 21452 31241
14373 44076 36263
48164 21595 14827
14752 44780 26744
36511 27637 42021
39072 42518 31770
24782 13558 47308
31841 48808 19971
5774 26196 31961
44715 24743 2897
36078 8329 19259
21303 36197 3954
23012 5788 36999
32343 40891 47501
34058 40191 1750
21081 19701 41949
37472 21923 49613
48478 46831 17291
41914 14636 44607
38575 2908 30425
28694 4121 6955
2843 5176 560
38432 38564 14399
49817 309 44213
49646 43836 30309
16307 6816 29509
43616 29921 19787
31115 43681 8441
29791 25323 36290
41169 15096 49817
28 15503 213
28586 27325 49771
45978 22556 26145
22578 22731 26394
24715 29416 31662
37502 26074 5667
37264 21509 48416
8503 22139 17772
40561 5091 5488
31711 23702 38340
16617 20508 19240
26897 2828 48640
23266 38409 46316
1901 6805 12526
38444 37907 40083
4303 19471 43498
39331 35697 49803
29493 13317 14990
49817 34419 46204
39618 35448 35304
14644 23619 4162
24064 6952 16782
43371 27784 48152
1721 27609 7155
31706 5605 25125
31677 18610 39976
3228 44387 23443
38984 1563 3024
41830 18644 37435
25877 6060 28326
13 22092 34963
32582 9593 24264
11483 20051 48976
2496 30724 48816
49155 38449 10046
43308 48793 38997
46172 19138 10794
1721 11828 40358
43052 36391 31123
33564 38444 44987
30796 34635 20398
15481 11929 32468
14268 4525 27733
3405 44124 28477
46203 17893 46653
27519 37263 26510
2096 8045 5674
41121 30407 13142
376 44185 38739
41068 23923 14591
15290 34332 43912
42330 47088 48948
38457 37025 12796
21385 22439 34095
29876 21504 30093
46686 21426 19862
17773 49056 27597
38920 25005 47689
25645 44323 12033
31653 48681 40459
14741 5318 9861
8681 39564 35237
43976 3799 45313
1674 41457 20456
43954 44053 18950
14531 28190 39208
25004 48478 18347
5091 46628 43532
39200 15592 29487
18094 31028 37917
31871 11588 5515
21596 9798 14625
11560 27646 25389
18798 18034 23753
43251 19005 44173
35898 20861 36799
7569 13070 18350
49538 38462 12505
35182 623 11977
28393 28407 16135
7401 26107 22331
43917 34106 2893
35706 40717 34849
18511 12190 36555
47156 4098 44784
35937 42534 26970
1800 23017 11297
25233 14321 29363
14412 6519 30922
44190 20421 40823
34965 26266 25204
14460 13967 49561
47946 41343 33373
43561 35817 21511
14752 48684 25941
7386 6835 13141
29450 7074 7201
41121 5418 43336
45267 19204 23501
34422 49301 12895
31635 36237 31122
5441 24874 383
36984 11506 28636
35818 34522 6828
4845 23475 43977
34821 5322 16238
48996 34098 43431
49746 8032 37911
31544 42609 38214
22484 30793 27618
11297 29405 29058
42933 5666 41367
41168 376 43705
44189 23474 46897
44624 20507 24753
2333 47852 39797
44995 40726 33047
49000 33141 32287
34003 3727 4493
30986 4123 5210
45369 35698 36160
47563 32124 46754
43967 6811 6958
22689 2766 44731
43736 7283 11319
6242 42066 13142
9517 29967 39570
21808 43862 10048
14787 17686 26644
39666 30367 38952
28476 45727 37203
45792 37262 33016
6815 46501 44076
15077 12035 28686
43394 2515 10478
36391 39915 17871
2187 16481 173
23504 35233 30421
46871 21529 45050
32897 35818 38610
47157 35108 33675
18218 22380 38343
41592 34700 36819
6644 20173 41292
46082 5591 35525
29157 38184 2285
23606 9646 14386
7016 12196 35771
49406 5635 5421
28098 19177 16185
44802 13224 24732
29487 10970 17330
1732 23252 17874
3032 36160 26819
48410 17209 32827
6232 23594 36061
48465 37518 48407
26560 31924 1580
8143 19947 9472
13437 46002 49689
23951 25703 25832
2382 30719 22011
46981 33376 38024
33216 34750 800
20345 7712 7738
29842 9793 38321
18913 11938 15289
37911 46990 19266
12901 8880 47907
24819 47807 40617
1728 5365 11085
23622 31054 33048
35674 31109 34834
5365 8404 22104
13695 22031 36321
15359 5621 43045
28991 6811 36872
10392 43167 13784
26394 48644 373
42536 15075 47935
46885 41870 36502
14560 45398 4448
12213 176 31031
38863 31104 48441
49450 27518 11829
11922 2897 30909
47095 29708 44786
24366 372 49361
44428 38874 12659
11091 10873 29919
39989 28100 37829
36098 5452 29512
24352 18767 26550
12579 29790 8342
37911 46818 39810
31467 46001 20914
9500 29951 9210
2213 45289 4528
44424 43346 46818
373 38177 21569
22562 22604 2529
25114 32441 35739
3569 16454 43370
36972 4261 31887
35323 42513 42433
4608 4405 4735
26253 8966 21527
6468 22382 37733
45949 47088 36225
42832 19259 394
12314 11914 27022
17849 1250 12635
35708 26913 13744
47133 47165 43899
24167 7862 41202
12924 35658 49438
19259 10721 34406
42920 21411 37343
46641 45026 44039
8200 19701 33196
38462 26527 7896
35083 17601 45750
36450 635 4641
37271 13670 8515
40211 39829 22517
16125 32425 26066
7007 31019 38651
24819 48633 15615
19024 27341 11439
22273 46486 31373
20021 11651 3997
46016 13318 28883
38496 22362 25482
46215 10970 43917
2455 2327 2002
34364 22996 35681
41623 26211 12802
38120 24556 11398
16001 9077 33409
1878 4360 48
10199 16546 16167
37839 18518 44189
9669 749 12459
24438 17430 28428
33046 17412 2500
20367 38588 44211
11191 43251 13208
33247 9912 29635
47122 19273 37419
46140 13976 13337
44718 41035 47834
20861 7401 16134
47594 18023 5451
44271 47668 18781
36711 36194 47883
25845 31478 41608
36617 44841 32918
30105 49535 25644
43111 1802 451
49412 34061 1451
46214 48455 18688
19910 25943 46643
1081 205 47782
5210 12344 25480
34764 47155 48290
6916 24828 28542
31959 370 30689
49287 24644 43706
20615 49958 42388
49094 47379 36225
45645 6809 31571
14032 17349 38830
36578 21993 7865
23728 18780 25533
48292 47591 26106
38422 32441 9505
10466 19598 2279
47616 45690 40195
3524 22271 27618
2704 21412 34893
25117 9549 34809
45051 9601 48930
45279 45149 39226
47156 3719 46818
2034 27158 5173
37630 7632 50014
6386 2326 30840
5805 27233 29034
36451 25484 36720
40947 31004 12829
36511 5668 37840
28731 29941 38472
31739 5594 48439
5369 48984 40083
8035 22520 23846
4790 46182 46114
27870 6796 37107
13278 40476 35208
35421 30651 17144
41290 14443 35065
46774 7546 7243
42464 13315 48504
7386 18291 9208
42006 22996 25114
48930 4572 19947
9798 28444 17706
3228 27875 42343
5377 32004 43965
27463 47502 16197
30620 1930 23974
17255 21410 25913
40701 46182 30653
20261 42608 14897
12531 37669 17525
9569 2015 35162
38289 27718 44426
26209 44719 3749
4084 49535 2771
13695 43734 6175
46774 22612 31032
35231 39935 48684
32508 545 5964
27901 49861 44729
45171 40218 46732
18978 257 14365
27920 45380 25062
20418 23020 38395
16249 49299 46033
17920 3584 713
38239 42177 46767
49404 6966 7583
18951 20374 21512
10969 9597 45688
18331 19330 39465
5630 5322 22730
21379 16264 32831
47123 30635 27847
37503 45079 7633
42735 13060 27721
26892 3954 31747
22520 35404 35231
2024 48043 921
10308 31086 22574
35901 19834 18113
43337 30240 10460
24317 40041 38946
35581 30645 46280
30612 2725 36237
4985 29944 8388
14358 41562 38407
22082 24215 48075
34336 19851 17145
15633 42733 15486
48195 15930 38600
32956 45158 37457
47642 21449 45712
47906 27092 49017
23846 46203 41556
7007 26157 31241
29024 48670 5977
14831 48560 25211
41379 26628 6407
21599 48549 22599
31041 45051 11800
43498 16658 23533
10863 30368 46557
7435 39250 47378
3954 48681 14358
46251 48344 49250
2745 46363 9443
30048 49826 40175
17317 43682 13876
35898 9391 39971
41154 1642 46879
49559 2306 27755
47754 42406 24398
22629 19182 22996
21504 37671 22102
7098 45322 23569
42518 19944 43421
6433 35607 3851
26116 31529 46905
40442 21417 3040
32844 39209 41546
41331 25322 41315
12885 5472 15731
34081 34716 36316
48640 25255 43725
6661 22751 22259
30377 18951 2425
49692 19002 14428
23242 47090 20422
15030 9988 35810
21503 12901 45687
47165 37711 43826
42012 16264 24391
24762 22084 22556
36202 24708 31578
2496 32476 22100
7061 888 621
49155 5591 28529
37795 9166 20505
18045 23693 18185
14290 25231 30751
18302 44059 31888
32691 14063 19609
20613 28698 40317
21397 38915 33233
41870 4604 19003
41343 2802 38448
43815 14827 15610
854 18519 10787
47771 19076 35731
22804 15161 39378
37098 29642 42955
38340 18309 44905
47638 31199 36101
46877 5113 25809
21065 4085 35807
37264 48122 46259
22363 48455 17209
34702 6704 37146
15481 19693 36983
14384 4967 49672
13697 18261 34922
888 48948 22578
32564 44209 35755
8355 1986 15289
14001 38870 17006
41235 30789 47005
40366 4618 9134
29636 32425 19523
21440 24964 10536
12014 37671 30045
21441 18534 18685
9933 32026 24063
19291 12501 15661
49125 33067 18320
30298 25228 41183
7976 45356 31585
28231 30396 40081
14895 25349 49011
46793 36456 31664
39669 28444 45524
27633 49475 14063
11343 43535 9102
6105 49406 45110
45632 19544 17158
40740 23474 12795
7942 34907 44600
31197 37645 27714
34577 41917 18701
41698 49160 12700
40181 36368 28887
13998 17515 11978
