49257 8306 36369
13554 35835 48209
39252 38295 31211
28226 31024 46507
33098 18559 11999
9257 19946 34313
31749 19567 23453
22242 20693 19478
15649 24937 34434
12412 28098 22350
39097 1750 28949
12996 19256 9068
11494 32400 32060
4417 2988 9977
44902 23895 20935
29438 31644 18608
19529 18801 3476
10959 9741 27344
17526 27099 8850
31428 16309 9962
25021 47763 35664
28588 18960 18611
24101 16516 34414
17099 37957 27562
3913 8760 19462
35867 46788 33994
19934 7995 39957
12377 18384 15091
32311 20171 34397
36125 43282 15623
5812 21999 13299
15986 46980 19469
14794 26485 27818
21165 31085 26150
41902 34978 46388
30020 2587 27635
41929 34058 13131
37612 7281 10652
32358 2664 31960
12613 39553 25150
1470 35644 4937
41595 29375 41907
39147 48219 39557
44667 1008 10978
38614 38545 16405
19671 34425 11525
10442 12083 24167
34605 28618 39329
1699 36021 5851
21068 29367 49425
47268 4598 42086
44200 14520 5188
5092 19341 42008
9904 40470 8657
23982 13244 23780
23272 18644 16943
1410 5883 32529
24057 20195 8669
22371 20571 2683
14028 33364 35897
9732 35953 18632
22557 30561 8984
45574 40187 21713
49047 31549 8334
1863 24278 15645
44031 26982 40946
31089 16904 42498
20222 41879 18148
17847 9270 24899
28272 20689 5320
44953 8401 48028
23802 1124 49859
43906 20763 30876
38156 23272 38152
3405 39621 30367
5269 11222 9811
1415 23636 47608
8972 47875 12526
17961 31001 9484
10464 21094 32600
4076 31783 34004
20237 42504 20187
27975 7283 46396
44930 32246 25516
13561 16051 21928
2503 28456 2505
46341 26809 4651
21793 15638 5017
18596 37646 28501
18791 18737 24226
35139 26710 9351
25966 28105 5968
16738 14752 39743
6026 30240 40406
14168 12107 9405
21167 42928 34923
45536 31767 723
44399 15651 10921
46365 39729 15037
14816 9113 40926
9624 46016 39744
12137 28944 4920
32354 46078 17744
37810 13800 7733
21042 36541 42618
2098 16277 12816
24106 13815 4026
10282 5995 34665
21990 16076 44858
16010 15887 13046
41987 2281 14445
27630 15995 2178
21930 36419 591
12861 4639 13494
24702 28296 17290
20507 7195 42062
20763 1603 7304
43756 34340 29429
14130 24830 12676
27642 24716 22239
26329 29676 34428
8595 25098 16571
38400 32679 42585
20848 37653 18955
30109 15283 27825
44137 4241 19041
9405 41353 16738
42712 26965 37854
32395 16316 17398
40649 44793 1189
16287 19318 14231
29226 10097 1842
13473 17847 21207
21370 40721 41602
15759 21787 29040
43421 4886 32899
18482 30446 39901
6495 19817 33447
10595 15083 20832
31259 49254 40326
39383 3986 39945
26459 28670 33306
13618 43064 47802
3996 25193 13537
40723 21511 18661
20836 17200 40927
37955 14723 29022
26998 27158 19454
8726 34973 6298
34148 5587 46853
41716 30317 7341
45951 42784 28649
19811 25681 25934
37869 14395 44195
41030 27836 12769
24037 34047 41357
903 38013 33238
30497 13548 38697
26810 24804 36347
44690 35816 27461
27662 27688 48222
11431 2658 19524
29205 7284 6306
8164 38303 14881
6185 43438 11823
41023 8357 3415
25680 45775 29083
7981 24893 2636
8455 18549 14685
23499 14653 5626
4434 33390 11312
27565 33080 12699
2916 26518 12222
29443 35373 20928
36268 19883 24969
29377 696 3956
34006 8312 30591
33898 24179 30786
25961 37029 12111
47501 28303 49841
36228 11339 40371
13564 12088 26379
28837 8852 30969
27229 12351 30830
36079 24205 31109
45896 34716 39429
18401 26037 14511
48598 32000 49426
21900 22690 27624
27479 49584 3714
39717 6598 19993
29936 3294 29789
26211 42214 39287
40744 7715 5772
8735 38565 24459
21084 28316 12290
21405 14559 27040
40204 6538 48074
5010 44132 18596
38247 43474 4117
31348 33303 33123
30483 30475 19496
12577 19930 22606
36409 29585 38070
27937 7725 30484
9143 44506 37521
4569 23772 47853
12093 29244 29779
41942 47860 20814
39824 28961 26921
48730 47762 36853
27602 15342 24112
41479 9187 13869
25815 32560 40338
28497 24717 30981
19278 36550 2266
39854 49923 35959
15618 4653 44910
8469 43181 21088
8856 35742 21356
38854 30315 12158
33356 43118 25005
41191 30141 29577
15783 38379 49379
17742 40122 45993
21640 40618 28105
32907 15580 19595
22828 30159 16607
45948 25107 43898
26740 16786 8790
47894 13762 44976
11782 28200 16542
28415 13562 39544
25710 32691 24961
28589 9359 34424
32828 35272 12431
19299 26343 34772
49941 46131 24360
46333 32967 33509
18347 2584 17062
38698 24061 16876
31412 22572 49385
29783 26461 18561
24868 8894 35582
11342 35138 29067
2517 25484 47093
29842 31077 46521
19133 43603 21265
3584 30593 6078
23522 13079 30283
39646 4072 21176
28420 36233 31794
18026 22788 13995
12264 22583 27640
36627 38672 16819
34435 35298 22166
31966 9721 27148
41712 43365 32690
14221 24397 25130
41059 10756 29858
35039 16979 47704
4286 42263 15222
28456 33124 34370
6026 11771 16596
48249 16609 16073
31657 35404 36383
19395 44584 19992
2892 31870 49308
5076 35046 19581
42750 33473 2436
27299 888 17642
27001 3099 5626
21208 28934 9944
46534 8953 34009
15909 21819 26490
2922 30952 27976
5225 46413 3038
46866 45405 5612
5283 13548 5972
35518 36449 17926
47566 8855 5470
30715 41223 24105
47600 41227 34629
31036 31035 37475
839 35954 22202
24972 43022 12300
1803 37540 8790
41116 27646 33704
17470 29408 11309
21231 34768 23684
15943 15491 37632
14506 47987 46809
42611 30650 8888
42501 34567 19299
20588 39717 19221
222 6418 28186
32529 44613 21086
26700 20780 13964
49183 45712 4402
37060 3483 28250
12326 550 32851
11010 27866 29074
23181 29015 28018
1552 32884 2029
22620 21640 9328
5972 32035 12420
26432 35814 44817
37274 17508 7109
3493 36779 11872
27900 44147 20355
5882 17527 16633
14821 38411 4135
33909 26854 8579
28413 38198 42970
36689 19824 41042
35045 6756 23431
28156 33045 14196
6461 46117 14690
30544 5421 18192
21276 34760 11143
34006 5884 40902
2812 16995 25099
32219 12833 20923
37981 12328 15954
48578 9733 3273
2988 39813 37057
16738 8489 38925
26912 30974 32478
23419 36782 3841
19681 42769 5534
46390 19316 35194
42607 34017 16167
30574 21045 13788
2011 36360 6199
32562 17749 35531
4146 47997 22551
9164 16375 43011
25688 29023 22809
36774 41403 20929
32490 24046 41666
31911 47641 32349
4978 42808 8203
20302 6210 8390
8285 11406 2810
34484 38197 7840
14711 19538 39662
37868 15419 40507
14761 8915 35231
302 23715 17177
45336 38178 40798
36346 4647 28642
14400 29104 35825
13995 33759 29084
18348 25495 2711
8672 21867 43043
15686 22988 17981
29814 35836 29790
12273 17787 31535
39807 35515 12873
20864 19864 40393
30448 3511 3069
6000 35829 16193
45930 20126 4617
7332 9600 6748
14855 43160 44506
45106 23619 45385
11364 23435 1517
10627 33463 5987
15794 11154 38341
3497 39819 17347
44313 20224 38923
34202 21123 38263
34276 16740 35919
13287 35394 11810
12430 31789 37907
19087 3030 44828
37914 43041 41437
41681 1770 4000
34630 235 17050
25147 13692 20225
45682 41082 695
2125 19700 40726
2442 29424 40350
22554 37015 29543
6346 34056 27287
39662 38232 8856
11154 24430 31084
24043 14257 34883
30063 15943 42415
22899 27730 31701
43509 15890 1085
48141 36750 45114
33918 36163 25969
19787 47037 28030
39119 20487 42632
35497 8869 33730
37832 32321 13862
13438 38600 17537
45418 5809 7335
25891 4602 45497
38489 30241 9796
3806 2925 8904
1196 22106 5835
15727 32613 16537
1646 7353 46885
42774 14125 34017
1319 42254 13714
29684 25521 16121
12091 12389 19592
20124 29497 2047
38600 12189 6223
24839 13313 1550
44958 19292 157
11191 23492 34934
29441 36091 45424
19965 8860 13114
26985 22987 38582
19144 21436 39894
15480 24663 37523
36952 34051 39274
31259 22642 9004
25673 10154 21641
36229 33857 47613
9274 13564 42446
29606 27190 39662
38236 35163 38515
21083 21877 24011
2366 28889 26698
4591 30191 33348
25673 25107 20831
33755 8902 43079
34522 18657 8734
31103 42528 4200
281 27001 43350
41282 12012 18083
8488 20486 31211
47283 48218 46153
1692 1325 49196
44946 33161 14259
9615 16450 34012
6383 39319 40528
13296 35285 22957
23476 1163 16288
3866 41189 17967
44806 36906 25527
9485 39823 1192
45854 19201 3373
27009 7030 13898
25425 643 30274
888 35815 44327
6829 35934 21497
34715 19579 22981
4998 2670 11071
44705 39574 7315
16891 3557 15398
36496 47026 24992
37612 20200 32449
33098 5066 5687
11583 34411 574
20663 19056 10283
27144 20234 5137
18475 5255 3309
4337 49021 29886
33024 33079 40529
36600 14522 39055
41974 12158 35076
27039 38283 47607
1554 34014 24043
1264 11243 23309
37868 32613 26037
22218 36120 47613
19781 17983 30363
9523 26964 43256
8285 8170 38695
43869 14750 2027
48610 2251 9131
26844 2884 37060
19824 31208 20862
3683 9223 34244
39706 42444 32847
8580 21436 29361
13406 25488 31082
2072 9038 9416
16605 32799 26024
41232 21259 35788
15548 17718 4823
35772 2865 6325
27356 28653 8215
26509 36947 21354
38394 49389 39158
10503 2476 26726
24930 17749 8791
9579 12143 21136
24064 28579 34468
41135 36038 44749
27660 23660 38198
22134 24121 21791
14872 5316 9311
19048 23651 46492
35703 38445 6668
39021 26113 34407
9258 37515 38890
13882 41507 31454
6645 3128 38156
18856 31013 8642
49146 22957 39904
972 45420 40431
30608 2451 39030
33381 28291 12134
12761 46046 34733
20379 36287 2061
613 40386 21084
29309 2645 45866
19214 15929 40423
37981 5586 34755
2878 30475 13172
20332 46956 20840
45845 5550 5122
39368 1631 477
15078 24181 34930
31686 27821 46220
621 45000 47806
5812 16044 35145
15090 2715 16417
42618 43339 4080
30812 5864 14577
17201 34415 36849
41947 34008 4974
47072 32267 28341
49923 27877 15154
24995 45169 6009
21044 10978 31014
40768 27673 36733
26698 13203 42498
29441 8556 28100
8405 32448 38648
27149 43185 40896
44655 33359 14743
19663 15352 9207
40108 30688 27017
18324 24976 18507
6951 21649 27402
10016 37062 22192
21106 32361 31020
13138 29091 21802
19057 22040 7827
40966 24695 47844
5529 645 33097
20357 16756 10798
40659 27650 6397
46330 40104 49435
28568 10631 6650
4591 2903 28236
16076 25793 38600
48727 21984 2702
15673 34100 37632
19712 46669 31127
5407 15074 16877
35143 36246 44313
48132 2665 44208
28507 45291 9159
25858 27027 17642
15088 11372 19851
33883 33095 17137
33918 21053 7032
24599 29437 36200
7283 40365 49194
37799 4638 21189
30498 5498 30476
32692 1802 32264
26463 24232 46109
47598 24342 29028
29769 28588 18936
29048 31079 32525
39747 10258 31059
35650 17931 33304
29239 21927 35713
41511 13272 18622
15247 26912 29007
39875 37521 25680
29597 6321 15925
17936 25520 40589
38674 26754 26535
37848 3142 18215
25126 48688 16245
11648 7304 13115
8402 16585 32529
47334 35851 27760
36154 22957 27657
32571 46391 15687
16004 28155 30535
47813 30520 5957
11871 46772 35710
31103 2256 36179
4774 34055 17894
7226 34711 9132
45806 21498 9204
36560 18207 5864
4027 27000 43022
32827 95 2441
9643 21444 20811
35610 31640 37331
29801 34906 824
30224 28794 14166
23602 13097 25685
31329 18502 3227
30212 9391 14742
24945 16093 1441
16598 13683 792
25110 32060 34665
46353 10952 36426
122 49451 13608
14736 9868 14322
29693 41728 31383
38784 27362 7302
15599 48235 11212
45083 36074 27129
41729 3351 8470
29138 9438 22622
33130 14297 44432
30992 38783 5087
12300 19390 39699
3907 41505 17479
27651 32830 43125
4583 917 574
38917 40041 19556
35426 27646 2148
34762 15638 21619
30395 26150 7395
26477 42584 34950
21123 295 4004
36346 27395 9357
34405 34468 13277
23505 4602 43188
39840 5718 39704
41390 48609 42764
40966 38482 36742
29747 9579 19572
19616 20579 43904
11721 30442 33356
42760 34542 5400
27120 47707 33121
35365 30559 31140
20067 21094 36053
2659 40046 3494
36908 39863 25066
42609 19649 34762
33306 23319 40910
4678 19068 3994
29432 28321 38288
6202 29401 37466
29741 13482 2270
18792 44352 28871
24116 7033 27283
34904 25939 35197
34790 25046 43698
36859 31876 41489
20265 49323 49763
20225 5995 19877
19706 18914 14166
28931 19892 29661
6424 29007 7703
38672 6518 35174
32108 4640 41256
19345 41219 34407
19986 29368 28000
19329 18566 37653
34121 17554 44096
26252 2643 13738
22809 33372 29012
34513 30532 23301
8606 2030 2836
35728 26002 44480
34934 5743 22785
25656 2664 18966
14821 37016 17010
21255 34892 43424
9860 8558 24075
29836 26577 9733
16049 35824 36419
5255 26207 21786
30982 8611 21352
11540 38841 17765
38767 40389 44263
38995 46448 21106
5200 6873 28297
15996 13796 36057
15710 27241 22134
25664 22338 48097
31516 35525 16784
38939 7715 44263
45177 30469 22277
15685 35805 27843
44200 22858 44048
34268 11748 3645
42751 25379 2811
37942 19144 3996
37547 39668 17106
23624 16130 13530
43050 20185 19987
22983 6705 49434
25428 8237 30919
46736 4299 1839
30721 35953 9200
44748 20488 39979
25113 19297 28472
6555 25108 32108
49129 45260 49441
4255 25465 41233
14166 43246 894
37997 25201 11302
26514 26002 12320
29058 18958 14368
3068 20420 41739
10122 10847 1742
30564 27309 5588
14397 3953 18285
15012 11124 23944
29432 15521 38494
30620 28457 11003
4821 36336 39469
44821 41477 25377
39232 403 3400
29723 16742 44035
6951 25512 25383
11064 37300 17313
7034 45400 25382
27629 4480 4976
24389 21534 46234
21131 11254 13968
19303 38249 38597
9164 39620 26740
765 35165 13843
7031 30317 43112
31602 7732 31172
21132 34743 35609
4719 36815 32135
5135 44965 25167
4965 13489 9687
29443 20565 29667
30630 7856 22095
16001 16778 1808
8793 10917 14721
34683 37854 22118
28270 18956 20290
26702 37029 11900
7761 15134 4404
41571 34893 875
32306 23461 9458
40192 5322 4941
19144 37011 2681
23968 28508 40262
25496 30987 44354
26185 29996 5004
25981 2694 44481
13174 46963 49747
12527 1555 15925
14320 12099 14178
18403 35829 27158
27981 26602 16505
42251 12142 44136
621 25110 12760
30261 37609 15152
13964 7109 45419
40215 8669 10894
24181 18227 26721
37540 6488 47602
39864 4641 28158
37944 13762 2240
8285 16233 25170
34885 16439 12321
25323 11972 35320
23428 35847 4709
32358 38626 36489
42251 17525 16774
31386 1529 30988
25729 8603 32035
36789 38120 9258
46906 10745 9742
13277 37690 34415
26713 19381 16116
27388 37189 14532
1944 26452 21292
13042 48901 16636
13174 4110 20165
2396 10105 24287
16422 18952 30688
28408 26582 39874
38043 697 48106
36693 29011 410
30476 11999 34910
48350 5881 28915
26745 40386 18955
30377 36317 22950
30169 32347 2396
27392 31115 42646
7990 18611 27843
36796 26061 28130
30286 25805 46120
867 48827 11836
32643 21072 38222
13046 36723 11914
42505 43952 40478
31358 49476 40051
29007 37523 49323
38407 12543 35666
12639 19058 15480
5906 44501 3887
26269 38131 29225
12440 39402 42216
25990 2596 4468
24686 8564 5530
33357 37189 43022
2292 13285 17424
14541 39539 3591
27740 5516 37109
44150 26516 22964
6271 27026 8304
46686 26336 18145
6461 23955 14492
45538 32701 45946
38202 14758 13298
30459 27460 14401
27050 33441 30248
40470 3902 16028
25883 15636 44618
8760 36426 10615
8846 11858 12265
28528 13692 26158
38687 48488 123
30590 15197 7277
14669 30651 215
11789 26564 36368
23492 39185 47711
24689 39867 7083
1087 11247 13846
3683 16223 22897
28634 10676 823
18289 24127 39767
33411 6538 41277
41724 19478 29401
302 12265 2779
27538 48932 19469
21906 22267 44304
37003 47437 10163
32730 6297 13977
44705 35198 30557
15711 3935 9600
3068 48746 26454
21165 26419 26505
41666 7259 30132
6645 4640 2160
36479 35927 36345
29402 4115 34765
8124 27538 46409
28420 5708 46300
8390 36232 48372
36062 8254 30689
15928 44031 46577
31097 38612 11901
8008 21337 16193
19830 21782 18954
25052 2401 3780
21904 33364 28154
24972 27587 32264
28520 37765 4331
14168 35441 35824
26461 6768 15636
402 40571 20942
7708 31124 6958
2757 29004 41182
24032 46322 41713
27623 37233 29585
22583 22601 45661
11467 46111 17898
18623 16224 30599
39862 24988 3097
15352 43340 20413
3321 42660 26390
49027 34905 8631
44352 42661 15624
49004 40357 32629
27359 4165 4648
38049 46069 22898
40895 16190 24100
44305 33125 18632
37248 36364 6109
6271 33349 36457
39849 38884 20485
14675 592 5845
7395 37518 17897
10676 5578 47541
10825 37533 9874
47072 36337 25922
34416 33393 21906
38133 12123 38495
28195 42498 36237
49854 30044 36746
6456 25274 26750
32968 30840 25006
38401 37731 45680
30212 35634 19531
30304 44305 23431
35489 40707 9166
29367 36769 6723
47138 41232 48192
7110 19705 13050
18934 49083 24829
635 47259 19586
38109 28972 5599
28113 25405 24331
152 16005 21533
32490 21140 36556
35785 8699 21580
26464 8480 28106
273 29031 13608
1018 3129 23657
35288 21146 29607
4556 5930 43771
28221 6832 31966
20424 16075 21307
34543 11789 11040
34418 15940 15453
22994 42620 22995
24524 41829 9495
37675 29583 21105
26496 46193 15753
4204 6244 3988
31084 48091 3993
33357 28317 7064
26509 7640 39154
10927 36337 30045
25017 48080 47804
25105 1574 37052
15352 11774 46402
5313 46519 13540
39008 634 35768
42218 7258 47501
13085 16133 39034
37314 15173 17523
35750 21496 7027
26979 47510 4071
15311 42347 43889
828 1860 46394
22982 42646 28499
46873 8889 42784
36369 49218 35508
34408 1600 26463
964 33389 20109
12098 19257 29523
38666 28105 40390
12820 44637 18283
3315 22393 39849
8397 2816 11483
12516 11999 38965
13047 6761 21459
2380 21259 14110
7285 20124 26816
27242 33407 24223
33907 6818 1578
9404 12396 33080
25023 33818 28588
39620 20865 45537
23430 35863 46670
48050 28586 23185
16704 38073 11560
21977 41742 13219
32973 1545 4604
10383 21042 49101
19315 50024 21385
368 6722 20685
28479 34952 48830
38592 25024 24065
39813 27922 21094
32209 28527 5647
46914 38781 38960
15973 36006 4363
12731 39022 21017
12120 48953 29077
6346 40910 4277
21922 27412 5405
19503 1084 32346
29043 32761 21762
34417 47547 6011
903 39718 46014
19858 47486 22096
30452 8896 28105
42791 1410 13318
35814 38134 28873
19321 49690 28521
38558 38581 3134
44327 40438 19318
5306 39063 34407
22735 36367 29281
48727 16424 33557
5305 39628 16005
38535 40926 18027
12972 49207 19311
27888 30717 13001
18348 21351 18262
