29653 36548 10054
48708 42738 30726
40302 49917 6934
47117 49319 47309
43167 31628 26121
28438 5750 43969
36429 2254 43570
47721 41760 19744
46525 44370 25863
13402 39072 44366
42407 46845 7206
33873 3895 43900
7960 45203 42388
47880 13409 27582
19747 36197 48184
2625 39974 29666
46806 28431 48991
4498 5205 36729
48752 27223 12674
42051 48325 31413
32141 48962 41176
29308 24734 25757
48268 20100 42931
22820 28285 29448
13177 33585 25801
49252 39416 17440
35682 24728 30790
44268 47690 10465
39240 7444 17604
9202 46000 41974
48286 30930 14771
22825 20656 37522
29114 41627 44061
19615 12907 27574
5933 4248 14551
27461 43499 37842
46726 7580 32692
6485 23626 49495
7882 29785 19099
48177 37605 15000
19832 42050 1072
5378 42859 41831
18694 39359 36803
11580 5814 40823
36906 25766 36226
14042 43527 41211
38861 26359 12748
48014 3057 18317
8103 47384 44209
43966 29077 28013
48907 11118 35827
24742 7162 31266
18997 39073 9244
46355 30741 40587
45082 9868 47238
44205 21976 34758
37159 4806 20536
23626 37277 18930
31356 47117 36275
44156 39641 28127
43341 39740 32768
22140 38752 42331
921 44003 44014
46644 41513 30998
45857 44712 28060
23241 13938 26910
44604 42143 22885
40608 38296 32820
48410 35914 4037
44834 16774 35089
38153 1754 42510
8664 8502 20369
19791 37432 34742
31302 15966 36527
40226 2322 37526
34087 25435 5208
33635 23028 28593
48397 26361 17334
45998 8855 41285
41960 34719 10458
37672 18205 33883
26631 43941 17743
27475 23175 24536
47276 17567 39271
11466 12790 14321
47769 4841 41176
35564 49586 29473
28897 14214 35035
42731 49518 6617
14998 48450 44578
35472 43705 40079
7573 29875 35390
40968 38610 35065
12044 44730 7505
8319 25913 41789
18042 18948 4397
44374 3877 36999
47408 26632 45112
21758 40279 3145
40968 36300 181
12732 38250 16832
29450 30214 27695
33027 21562 28422
44040 32065 26812
5679 15257 37867
32959 29476 37105
13706 43501 45021
39179 36815 10217
39905 41637 31449
42263 44125 42045
9519 976 44543
25890 49497 46381
32473 24467 38353
35911 22157 30016
48506 49252 30967
34238 29546 39195
16500 24228 42517
42950 846 9947
28416 20099 3085
43103 19032 46507
37044 11404 48106
26922 47400 14893
9965 25317 44551
12574 39359 35654
6230 44296 12930
23149 40051 32204
27973 28607 23181
47241 11413 49206
40250 45781 47032
6418 37348 39685
49744 16528 37756
33288 47133 35723
33625 47771 46612
43743 32472 16528
41500 20818 6277
34163 2154 16051
42234 43511 42416
23604 39225 49364
6551 42815 4053
1202 41562 29198
46212 430 31558
38261 6651 29602
4056 24592 29898
32597 43461 35224
9082 38076 45778
40591 32851 48901
49635 49785 26820
43682 19563 28426
48628 45683 768
43565 23943 13599
27936 35231 48288
38940 40076 29809
2427 24523 18982
39895 30513 5360
27783 29472 22083
23968 42913 35778
28217 42031 46175
46504 28649 33486
40637 47497 16808
39759 44203 5464
24716 15260 20774
34217 44201 31937
48771 44453 44589
7591 43153 32157
44560 11534 1860
39695 45966 33007
40197 25287 10056
27452 4984 24858
47299 32944 7172
1682 6767 3366
48818 47600 41763
17434 28606 20201
2521 18333 2301
4379 46364 20434
23119 3817 41974
44478 12720 23634
41904 36918 25272
8071 43170 28131
17232 35068 30185
23629 31344 35158
42825 26640 41626
11288 48924 13165
42931 6454 46901
46252 15577 21561
18822 47855 4501
6280 26082 44844
39263 30395 45624
42537 17239 49206
29312 46498 6902
31695 8788 47886
31500 1144 43343
9835 47521 6275
22402 12862 39195
39712 49150 33583
32943 36066 32162
34936 41644 13786
23617 30929 45644
45056 44316 29474
47548 32340 38014
44386 23959 37948
34224 31398 31161
37755 25901 37826
14542 3674 32887
29929 42943 27139
13865 47379 37959
49587 23731 20573
7573 41890 30053
27061 6997 37088
8641 14047 29214
45246 15729 32057
47058 29983 40247
38993 46200 12219
23451 40631 37573
26360 42003 22741
46944 46497 9523
20796 48848 9082
49332 21162 46855
12375 40082 9642
9684 48136 6215
44196 44878 42851
46297 9001 3259
31762 49775 11423
46495 32258 48847
937 26611 43698
31139 6750 5579
20003 30755 28192
42971 12797 42630
10458 24728 28464
37658 23100 48365
43960 32444 33883
6494 26877 29561
42975 16440 23144
34257 35116 49179
8302 10348 38758
14650 40292 48004
42477 6584 5160
25987 36250 36964
22612 6256 43423
27455 44439 49204
22871 8648 41158
32774 13906 16428
7446 34791 15787
45757 48683 31260
24998 1696 6264
14665 47123 42381
26918 10816 46488
29935 42736 27
28975 1150 32632
41602 30267 64
24141 35816 4108
37691 47556 45059
45845 34264 45988
34454 37206 22909
5450 14986 2481
44728 40473 14203
45056 9018 31615
431 48424 32191
36250 42243 44085
48476 28215 5492
36667 6676 29964
49646 28716 44418
38061 33460 36805
48006 5201 43729
22687 3575 9454
37361 5295 38892
27770 29541 47008
39589 6025 38972
12181 4178 15321
40020 46331 24980
40293 36125 33773
45747 30474 15022
37827 48481 47918
21953 41700 49561
8670 17571 38306
15881 40721 40487
34714 40990 23817
36960 47509 4916
13556 47099 14993
36803 30944 350
48468 46608 15013
44144 39369 13193
39348 40267 21187
7391 42740 38374
44698 26274 32931
33893 48989 37750
41425 42913 49525
42826 49437 40658
40608 45056 32240
187 48844 38594
31273 35095 25266
31489 3577 31146
28064 39471 7869
36554 40214 49200
31698 6459 32120
2221 32019 9674
38707 27549 32887
10413 28550 45013
47524 31624 40988
48052 2825 20738
46491 7457 40235
9472 2486 47888
38454 17919 35085
38986 13178 42972
35680 34727 13134
42381 13507 28808
44486 6975 14517
46999 47591 22791
46257 34365 47282
30123 12791 4035
11342 44089 43614
36614 40135 47876
33728 42070 31136
18358 38006 37360
36960 47364 46621
15767 44213 34109
47728 8843 21614
21082 29297 20203
38687 15257 39532
49429 27765 37382
31716 26386 42350
42035 8861 24989
38625 12725 22469
27327 39856 34928
47769 48814 45021
46719 45391 20094
38265 47629 29792
42888 44859 48892
32198 42931 22534
46503 14651 37376
39363 15636 23955
39188 4463 38016
28329 15587 12517
14413 15060 29341
38077 31397 47915
18803 45922 5493
27926 36983 30425
45734 16469 25723
39960 14368 32288
15878 48986 41182
9536 39091 48858
33762 36412 48814
46975 48045 36740
44825 28678 24545
26702 49595 47094
48846 19736 38310
41219 14266 48549
27946 28598 6187
26570 30721 4523
35421 5123 30615
24818 37162 28620
41350 47734 16104
35881 20561 29563
14316 49780 31884
13940 41043 12371
30944 21498 45289
8494 43413 25276
23262 22189 41070
45543 23846 33243
31150 13993 8078
47796 38175 38982
49259 34194 37510
47262 38336 27699
36551 42051 12353
41023 3766 20819
45795 32167 35801
23539 49703 47100
46867 17082 8090
36436 37895 2129
4241 43944 6207
4110 30943 4317
40596 47942 37415
27728 35784 48723
23019 42152 44424
32340 35423 11209
39913 37128 48782
49370 49536 1062
21742 910 42303
36603 41480 3887
30431 39617 43238
49070 41494 23487
23693 46239 36222
39104 40456 8077
36648 47166 21440
41000 33990 42655
37132 41905 48033
38931 12762 36461
4457 44106 46234
21511 15517 14474
30993 48417 43236
14076 23663 32219
36395 26780 48542
46545 42567 27091
44802 14369 33171
47090 22219 35577
35622 9770 17593
49593 30954 42649
49989 14640 44408
35847 33536 30489
38957 28018 34717
38739 19629 37263
14355 27437 36289
43524 41904 4910
30528 35626 2841
42363 16517 3778
42628 15954 9114
45026 29451 10156
45808 41128 17843
6719 47358 11588
33279 46302 46201
33486 36315 7758
45076 49031 47756
47713 31136 30966
28412 28277 27977
26640 2957 16803
49336 45816 7891
27087 13689 27737
524 32474 4903
25759 31357 44807
34947 25011 23118
23529 14421 26883
44841 23628 44039
32425 39508 12346
32806 31734 20958
49526 48472 14943
32818 32065 17674
22508 9868 39785
45946 14075 39619
26351 23672 9938
46901 45703 47783
30001 1672 22731
47748 49894 30704
17205 22741 7868
37132 45068 6915
43247 40661 36682
26427 18937 5827
32170 33472 13629
47747 21737 39133
37701 39250 35686
43323 26369 34227
22270 13141 6779
26310 5377 47246
1703 49970 39958
44086 10988 40458
12342 41018 6250
42485 20398 17499
45447 35723 4435
19619 48265 34330
7868 8759 29793
32078 43790 48823
34303 32811 32111
13718 37462 8836
16061 35124 22930
10615 2255 49151
28911 11854 21959
21183 38457 48166
7292 30759 42586
13498 43396 30131
10471 23028 44607
1904 40448 37816
7543 13698 7614
4050 23256 41116
44427 42230 42440
47769 13976 41022
3771 44813 14016
26912 31297 35227
48036 41009 14452
23983 12241 33320
48121 47393 44813
13409 13992 28661
4066 49405 18786
18778 23962 41132
46587 48681 43477
47001 37870 14660
39342 42068 18830
47446 44508 19504
10968 49404 16290
29389 40360 33905
35281 32898 40663
41172 26616 34089
20401 47586 33506
6795 29773 16174
28233 44205 7622
1671 20780 33852
49236 37122 35543
45830 48911 22946
16428 32242 38018
45162 43076 73
24490 32692 24581
39468 14308 30858
46845 28026 20855
32766 5384 33072
20777 38746 39740
46302 32828 47327
28185 33512 30263
40631 23451 37573
6322 24533 39639
49023 48676 49710
12604 34649 17439
48982 40250 24769
36549 35320 45274
101 38750 31754
40731 42035 45764
17145 42285 24414
22906 37838 7894
36637 163 10463
8012 48052 28333
47654 2481 41022
42696 30009 36653
41121 46818 36605
44714 13595 29
3982 48477 14432
47921 48045 46913
41983 43599 48133
45712 16061 22138
3763 48380 49350
36739 7515 41364
31246 8136 41332
41942 29665 4274
46221 15672 6662
37433 33497 34993
33279 7134 16138
41926 38504 24942
43781 39524 46215
26197 37365 43431
39735 32938 32362
35777 23679 37796
11589 22822 22144
45389 4475 8376
44100 3080 38075
35980 34264 12724
35214 34106 41318
46516 26094 47281
21002 40076 35804
33221 8906 22469
13652 46501 32818
23626 39502 1754
44719 43270 8042
47320 48003 24341
47119 9282 29320
16205 38192 24545
11582 12670 32877
16685 11990 20795
43412 1741 25435
31484 39495 39059
39107 19193 13136
19247 3969 39786
36803 23623 49035
31962 6751 46021
33000 43906 35661
19500 49087 46508
2575 38784 21460
28075 45205 40018
32036 43007 28455
40257 14291 5798
48626 48392 44054
20521 12239 8092
45881 3649 37257
6494 47662 39800
6234 42632 35086
38637 37273 26428
32331 6706 33936
33274 49336 34199
35674 48665 41264
49817 24025 24653
6385 24525 28381
46993 33176 42649
41039 12572 41148
22543 24762 31150
23968 1819 12995
40454 38370 34380
36561 20758 12517
43146 31622 25287
22737 49120 21438
45280 42735 16855
44303 28725 14472
1635 49776 26083
1279 33475 36300
28206 10414 8369
28191 17244 8703
14640 40417 25746
32879 3439 45487
1043 30729 23046
19755 25607 34314
29032 48636 36409
45015 42713 40317
35159 16331 14556
16631 37726 18764
1972 30152 16494
47294 3976 29223
1823 23629 42907
40068 30930 42009
49800 42906 44012
42132 3847 20826
31546 41269 24487
26910 22321 33119
13943 49330 9279
12114 49536 42910
42199 42259 44590
49296 21591 44127
44168 41970 13387
46486 6696 19913
20200 45745 35583
42450 49894 36636
37391 42257 11524
16428 7174 27100
48911 39362 9899
23629 24671 42919
48297 30359 4807
49595 42601 40031
45747 20834 12985
35379 30739 24053
49245 1699 18907
11342 45859 17441
39441 19006 32938
35053 42262 18427
49581 28348 26596
40518 47803 37436
49653 8248 42226
45933 17874 10442
8274 42048 30883
14625 7313 33383
22883 49637 36387
22386 45210 30720
28864 4122 39987
36238 4983 27721
37143 11084 29097
11276 46488 29035
2398 39561 16061
49651 36612 25290
47650 34249 40583
9 19499 48290
37486 23968 2150
44453 15562 12346
32156 29161 41294
47548 40312 12808
42169 24743 8115
46956 32776 37939
3872 35115 34497
22612 22311 36449
46059 7927 35166
23456 31140 37714
16561 2489 43608
42056 15012 20859
26289 23742 21715
28035 43522 44878
12106 1988 8856
25473 40595 12572
20561 41214 9398
42072 3506 45634
37520 1936 41146
7853 49159 38381
22830 27567 3056
38726 36893 47503
33925 46427 41775
38086 35975 35173
35011 41760 48044
22971 46559 17624
49399 35078 32344
6950 40100 23972
8041 28422 578
2896 43620 37680
42607 14835 29981
12754 4846 28363
45566 27085 16131
47671 15318 45760
8207 44082 49302
48764 48034 43337
15514 41194 31042
22106 26092 26633
1696 30106 33676
39031 28881 17616
37149 11163 46997
48284 33858 42969
23784 3968 42064
44895 39964 27738
27970 28991 32164
29785 22409 6353
11877 29341 31621
43917 38374 38919
13192 44845 32174
47797 28447 3838
37444 25473 3335
36989 17621 37433
1823 42347 29645
42429 39467 44188
42551 26360 9941
44806 42586 24395
16800 12730 766
45781 27221 4445
36708 48957 39013
49738 31819 29890
40656 46298 34863
31136 23959 23541
36508 33167 7765
37991 49399 40340
6379 38617 27062
48772 14213 38366
48638 20354 14876
47588 3697 11502
23313 17621 24941
42274 2206 9571
33510 39300 11821
32101 43861 19907
40128 6250 24413
21087 9082 8086
44013 46500 16802
26337 40364 17576
34750 23962 42343
10632 41478 5754
9234 6783 10466
45694 38957 17557
24655 32649 15558
22654 49896 48677
47735 34738 37881
46132 48205 48097
1299 34949 28913
44021 6877 15616
33926 3598 42650
2863 48970 26570
26920 32939 33288
8468 11638 6324
26922 10393 47104
46058 6473 34228
42683 17885 40389
26631 30826 6569
3205 41153 39428
48481 15350 49060
22514 41147 38747
25235 47780 45749
20100 37994 43665
27248 11502 34341
33394 36893 40232
22754 28181 21614
20171 30703 29880
22144 5037 30337
49677 14936 44727
27988 46483 46090
45760 32272 34511
46306 23596 8075
16083 36392 42318
43978 35173 6264
5437 31317 25364
38539 25902 10443
37550 28143 41237
35579 4922 46211
47588 36297 9322
5206 47655 14937
35101 33548 3035
37384 46444 47762
32967 47460 35946
40487 47241 30328
44179 31698 41336
47617 42300 32111
26912 42047 40975
47520 6326 38575
44374 33669 44002
48215 2545 8300
24260 19204 21595
11062 30515 50009
31698 28989 2975
40815 34431 43402
7754 41030 49269
44435 32062 14944
39615 41768 21733
25501 8836 41436
7580 46726 32692
13975 17127 38962
36274 47503 47281
49832 20305 22653
7210 47888 29991
49529 39238 16291
48679 32730 21480
30318 13402 43767
9380 39731 16046
47316 49099 43931
16111 46869 49352
33187 43819 31278
15673 27071 12794
29225 36461 43396
39250 40414 44427
47740 35929 32826
26831 41969 42906
32687 41642 36038
48955 44014 15050
2576 22580 16436
47888 37273 16252
44188 16602 40334
17230 11178 20406
43682 45663 387
5493 12756 12812
44389 6232 37088
39255 3779 33516
41644 15427 45234
23117 24356 15037
23702 45433 14199
37761 46910 46916
39951 49662 15715
6651 3037 1715
14089 33813 41002
44453 41727 34213
7432 28638 46982
8400 46492 24523
37218 31502 3248
46059 30079 46985
41109 38830 46509
41665 41317 13654
33327 20149 25765
7614 44204 24660
45007 8561 23353
28228 23229 36158
13941 31316 2819
37845 33542 28194
41147 29214 1249
36840 46106 35723
42325 34787 15042
44584 6346 41285
25976 31887 36914
49268 47168 16379
49490 43985 40100
4108 45535 27685
47662 15468 47107
29610 37785 39640
38849 23930 15901
46729 41346 43070
46497 33607 50
6728 40301 29558
49705 38088 34616
44038 31732 38928
17273 9570 23023
12560 25234 25030
10853 48676 33787
48191 35038 21126
41969 43411 23177
43505 3968 32935
29163 34764 48926
46441 16844 29315
42885 47797 19686
20029 35906 43393
37197 42736 22477
44138 48034 41515
22182 44086 20170
5864 23927 6370
44176 10011 33707
44438 37919 38757
7613 42050 46591
40532 40338 30059
21979 44942 14321
2086 7503 18107
12426 10971 1320
23938 47543 45728
35389 46198 42242
1702 45246 23050
37072 43648 39621
24585 33607 19030
44837 29570 39018
17242 4923 17604
30856 9705 35106
44321 22818 26832
13718 29802 29726
3709 30326 33556
39478 32242 49738
25805 48068 32517
8064 47587 32492
28402 45660 42455
16437 2394 35105
29885 44208 46890
41984 23959 42268
47111 13821 6906
49394 15043 42203
36469 49863 36854
45853 36716 45699
48677 35584 29388
44212 22660 43985
1037 35773 23256
35531 25823 28195
39780 48130 2408
47121 24609 5824
38974 21424 46593
44463 43502 15320
28066 32243 34257
34106 15677 39042
30096 44135 23857
1699 30009 46659
17228 37363 21055
7783 20824 37290
37939 9942 43820
41597 4038 30028
28630 17016 7174
34278 49772 23344
15056 22701 46239
1064 35776 41316
42443 2184 9001
22272 2972 13882
16130 35096 23895
34663 21302 47180
47735 44743 45825
32811 31735 18737
47103 35165 39498
46443 31878 21440
28214 17182 33938
20780 33705 41022
49817 32557 41909
41410 14840 34189
12832 1697 46913
46772 37578 12996
42720 22090 24404
45478 32615 40819
98 45922 34480
39445 47559 46982
36545 49597 48983
34241 31466 42889
29166 1733 2330
491 49614 4684
44201 47693 43635
49052 33259 38343
42403 31747 29561
18967 21187 43552
45746 16428 23013
49530 13738 48927
46749 7530 28887
12240 1696 35101
16051 36687 29347
7931 24336 45487
48578 33977 23010
2714 48325 40247
36388 46541 49583
39518 37376 34041
21357 10443 49138
9671 21 41318
21389 49159 37100
48254 9481 34902
3962 6698 16138
37841 6255 7020
48482 39420 14426
22868 40213 23664
43087 46290 2864
14422 43751 38745
33187 23603 11534
27793 47045 5645
12767 32209 37714
44983 48127 3085
31503 23596 14766
39494 43299 48450
15958 47123 45978
22723 42701 14283
3019 45739 40141
29628 26324 47107
6498 44165 47983
37525 34198 46103
39728 46222 34250
7778 43974 19120
41757 33525 30366
36177 36958 23159
42648 10134 18733
35482 46895 3970
37214 14968 12988
17019 34243 48685
19732 42709 13787
48295 48497 40165
28727 38436 12209
28974 28100 29729
3419 43764 44731
21103 14798 44563
47199 38639 11829
48685 22738 9538
21741 34831 34855
14888 16023 25328
45795 46359 42071
44614 47551 7414
24734 43081 11305
37579 42360 46063
36705 15806 23460
45582 43572 35146
40580 48539 13977
39445 8989 46094
44396 35547 27727
11442 35542 20803
44338 32296 46077
47129 42203 13672
42243 36250 44085
30765 35950 37549
15259 35804 33053
8649 28911 21603
14761 35433 46234
22707 11642 14427
796 39781 38363
47542 25890 35630
46519 1248 26353
47844 35951 23124
7603 2365 26124
33850 49678 47047
3728 46512 13618
4719 30749 43941
16268 47120 36958
31594 47116 24428
42180 40139 47750
30186 9767 45644
5818 6948 28593
14942 39578 15621
24371 41279 27903
